                                                 file   age  met  FWHM   z    Fe3581   Fe3619   Fe3631   Fe3646   Fe3683   Fe3706    Fe3741     UV_CN    H10Fe       CNB  MgH93838   CNO3862    CN3883      CaHK   CaIIH+K   CaK3933       H+K  CaH3968   Dn4000    FeBand    Fe4033    Fe4046    Fe4064    Sr4077       HdA       HdF    CNO4175       CN1       CN2   Ca4227     G4300       HgA    Fe4326       HgF  Hg_sigma_275  Hg_sigma_200  Hg_sigma_125  Hg_sigma_130    Fe4383   Fe4457   Ca4455   Fe4531   Fe4592  FeII4550   Ca4592    CO4685  C2_4668      bTiO    Mg4780  Hbeta_o    Hbeta   Fe4920   Fe5015      Mg1      MgH      MgG      Mg2      Mgb   Fe5270   Fe5335   Fe5406     aTiO   Fe5709   Fe5782      NaD     TiO1   Ca6162   Fe6189     TiO2  TiO2sdss      CaH1   Fe6497   Halpha  Ha(Gregg94)     CaH2
Mbi1.30Zp0.06T00.0300_iTp0.00_baseFe_linear_FWHM_2.51  0.03 0.06  2.51 0.0  0.357835 0.627357 0.341245 0.194261 0.398353 0.649713  8.103611  1.767717 3.498575  1.633031  4.862420 -2.537506 -0.545493  2.722791  8.157861  1.625701  7.939281 5.875582 0.999861 -1.124910 -0.108850 -0.301966 -0.447251 -0.188689  5.513291  4.922865  -7.508801 -3.290585 -0.864912 0.258972 -0.080381  5.130398 -0.039163  4.967031      0.498435      1.079550      1.894144      2.222117  0.795443 0.544872 0.697088 1.093904 0.653698  0.597670 0.631944 -0.474745 0.845887  0.304212  0.324325 5.835981 5.066268 0.718867 2.446704 1.050595 1.709706 0.655889 1.911924 0.569691 1.023414 1.189865 0.681998 0.963395 0.361855 0.457229 1.326133 1.519267 0.565865 0.271012 4.214053  4.513326 -0.023121 0.727915 4.176403     3.132634 3.309979
Mbi1.30Zp0.06T00.0400_iTp0.00_baseFe_linear_FWHM_2.51  0.04 0.06  2.51 0.0  0.329218 0.689689 0.333815 0.208796 0.400020 0.653785  8.254968  1.918471 3.520322  1.730396  4.808665 -2.528289 -0.591990  3.911694  8.825891  1.696239  8.549950 6.104832 1.018973 -1.237716 -0.121253 -0.308041 -0.472652 -0.213174  5.671156  4.937266  -7.656818 -3.411610 -1.039445 0.258110  0.060043  5.115995 -0.002361  4.931341      0.480217      1.055112      1.863635      2.197571  0.751651 0.695649 0.679972 1.271869 0.780621  0.684445 0.744325 -0.481951 0.980978  0.170837  0.240412 5.876438 4.998303 0.708857 2.760658 1.209057 1.939134 0.644009 2.014654 0.528597 1.160439 1.336770 0.742205 0.838995 0.463291 0.499595 1.441658 1.145859 0.575623 0.272971 3.287437  3.540609  0.027931 0.788143 4.116987     3.116790 2.385394
Mbi1.30Zp0.06T00.0500_iTp0.00_baseFe_linear_FWHM_2.51  0.05 0.06  2.51 0.0  0.277012 0.679832 0.319422 0.206109 0.358292 0.689621  8.747935  2.085659 3.651531  1.828696  4.910811 -2.688198 -0.736066  4.353243  9.210752  1.651947  9.022574 6.402404 1.028843 -1.520828 -0.144780 -0.340798 -0.541808 -0.307714  6.165515  5.263858  -8.387487 -3.776888 -1.345899 0.256333 -0.053869  5.545737  0.007095  5.156310      0.504613      1.088804      1.912489      2.258157  0.639981 0.704598 0.664333 1.284677 0.808984  0.682155 0.747123 -0.456504 1.041406  0.035231  0.162496 6.146737 5.160475 0.678971 2.739092 1.334078 2.081817 0.656465 2.102773 0.540418 1.193305 1.385238 0.771668 0.739319 0.498616 0.510539 1.464047 0.998435 0.578158 0.273765 2.818985  3.060624  0.058837 0.788369 4.256215     3.171779 1.615207
Mbi1.30Zp0.06T00.0600_iTp0.00_baseFe_linear_FWHM_2.51  0.06 0.06  2.51 0.0  0.369502 0.744674 0.345381 0.228180 0.366456 0.730440  9.083202  2.555032 3.742875  2.027325  4.951405 -2.559680 -0.685003  4.491745  9.561066  1.624710  9.396514 6.635030 1.038841 -1.625040 -0.161963 -0.348734 -0.554137 -0.340872  6.339179  5.401882  -8.578825 -3.886640 -1.450205 0.267430 -0.014643  5.634434  0.036566  5.236915      0.512954      1.101705      1.934863      2.291275  0.673946 0.764671 0.684686 1.344457 0.858470  0.699800 0.787865 -0.238724 1.244752 -0.010457  0.139025 6.243364 5.210721 0.694892 2.921754 1.439867 2.231866 0.682336 2.209494 0.573704 1.272452 1.471223 0.831273 0.743900 0.552037 0.519331 1.470417 0.916926 0.609826 0.277181 2.549453  2.793493  0.081243 0.815873 4.187222     3.124008 1.572314
Mbi1.30Zp0.06T00.0700_iTp0.00_baseFe_linear_FWHM_2.51  0.07 0.06  2.51 0.0  0.321456 0.729037 0.324656 0.216453 0.325025 0.728647  9.378166  2.642691 3.821680  2.233524  5.010997 -2.610162 -0.726795  4.451270  9.451661  1.423528  9.440474 6.779640 1.039807 -1.883728 -0.190564 -0.371179 -0.616554 -0.427001  6.745448  5.667005  -9.196176 -4.207573 -1.707245 0.248898 -0.179109  6.028860  0.050666  5.388943      0.522948      1.116412      1.956943      2.318053  0.508099 0.699698 0.632369 1.269562 0.832524  0.663626 0.754558 -0.236106 1.275123 -0.136829  0.063105 6.459090 5.316663 0.654459 2.757051 1.482078 2.279232 0.730696 2.266623 0.624834 1.264195 1.460038 0.837919 0.734406 0.554634 0.530455 1.465288 0.902182 0.597412 0.271081 2.334195  2.568958  0.092133 0.789114 4.282397     3.162688 1.503886
Mbi1.30Zp0.06T00.0800_iTp0.00_baseFe_linear_FWHM_2.51  0.08 0.06  2.51 0.0  0.278104 0.714591 0.302077 0.208134 0.316779 0.733527  9.726896  2.762405 3.918285  2.533665  5.119969 -2.658307 -0.761785  4.263314  9.338420  1.270318  9.552299 6.932764 1.041760 -2.137817 -0.220601 -0.393043 -0.675968 -0.515120  7.139964  5.952391  -9.759786 -4.498167 -1.928971 0.231022 -0.338550  6.407714  0.054628  5.579457      0.542271      1.145700      2.000706      2.367613  0.389848 0.622101 0.579061 1.184997 0.789083  0.622341 0.706112 -0.218395 1.258283 -0.245641 -0.006185 6.680971 5.467725 0.621485 2.560184 1.476309 2.279478 0.761072 2.273059 0.674809 1.232761 1.418051 0.820717 0.689110 0.557033 0.525917 1.412130 0.852189 0.573203 0.257675 2.075628  2.295202  0.087735 0.745623 4.375507     3.207815 1.361464
Mbi1.30Zp0.06T00.0900_iTp0.00_baseFe_linear_FWHM_2.51  0.09 0.06  2.51 0.0  0.268692 0.718172 0.290742 0.209289 0.330285 0.748834  9.990118  2.772805 3.995567  2.707348  5.161690 -2.737831 -0.801087  4.174469  9.417787  1.222001  9.832231 7.084131 1.043950 -2.299224 -0.237117 -0.405245 -0.712903 -0.577627  7.453968  6.196465 -10.281060 -4.758495 -2.124621 0.223922 -0.443801  6.734803  0.051026  5.803396      0.579762      1.200260      2.078699      2.453453  0.345283 0.562806 0.537131 1.128352 0.753496  0.596058 0.682470 -0.224264 1.208834 -0.268210 -0.011351 6.885873 5.648211 0.596873 2.406730 1.474814 2.262882 0.783377 2.258206 0.712674 1.209376 1.396487 0.817274 0.671100 0.551923 0.526105 1.404541 0.847660 0.555378 0.248015 2.074337  2.281246  0.076283 0.715479 4.454206     3.246027 1.360129
Mbi1.30Zp0.06T00.1000_iTp0.00_baseFe_linear_FWHM_2.51  0.10 0.06  2.51 0.0  0.191481 0.693586 0.272317 0.196850 0.327547 0.759058 10.186846  2.618021 4.065027  2.745449  5.205034 -2.924368 -0.905861  4.055157  9.455806  1.162051 10.049366 7.222420 1.042536 -2.502886 -0.250615 -0.425564 -0.774421 -0.649222  7.790942  6.448432 -10.882379 -5.046606 -2.346616 0.216839 -0.586321  7.119155  0.022681  6.070979      0.602409      1.245247      2.154138      2.539307  0.295741 0.487261 0.496754 1.055627 0.706737  0.563128 0.643602 -0.305579 1.111223 -0.279680 -0.009854 7.133181 5.879377 0.569385 2.221316 1.464012 2.231121 0.790753 2.215635 0.723454 1.155691 1.347297 0.787170 0.644169 0.528113 0.511493 1.380576 0.826852 0.526028 0.236340 2.015409  2.205879  0.068824 0.682400 4.581702     3.313411 1.360299
Mbi1.30Zp0.06T00.1500_iTp0.00_baseFe_linear_FWHM_2.51  0.15 0.06  2.51 0.0  0.425686 0.805384 0.326760 0.246849 0.438533 0.840667 11.141598  2.213503 4.308963  3.087570  5.443118 -3.423832 -1.193323  4.857400 10.139989  1.232558 11.124550 7.759216 1.057223 -2.888436 -0.261674 -0.452314 -0.886424 -0.779465  8.730493  7.089221 -12.698193 -5.973988 -3.076116 0.187109 -0.760733  8.123924 -0.001764  6.697370      0.727383      1.424735      2.402918      2.811560 -0.036161 0.346522 0.316784 1.017141 0.651625  0.541376 0.572536 -0.842807 0.773156 -0.432091 -0.109242 7.869708 6.497110 0.456197 1.899663 1.275488 1.972099 0.802896 2.045582 0.738741 0.996192 1.184745 0.696543 0.622924 0.469078 0.449768 1.263762 0.660988 0.462249 0.195892 1.464859  1.608195  0.055097 0.595062 5.137316     3.629937 1.244688
Mbi1.30Zp0.06T00.2000_iTp0.00_baseFe_linear_FWHM_2.51  0.20 0.06  2.51 0.0  0.740131 0.945705 0.417068 0.306380 0.496960 0.931877 11.994776  2.716006 4.473231  4.012962  5.749786 -3.510563 -1.238400  5.393238 11.062409  1.457326 12.390484 8.307141 1.078340 -3.254552 -0.284986 -0.491094 -0.999526 -0.859733  9.443443  7.542358 -13.996844 -6.609369 -3.587467 0.201315 -0.945485  8.885751 -0.001034  7.136883      0.833059      1.564179      2.584747      3.014677 -0.259332 0.304679 0.260618 1.050610 0.662606  0.539621 0.565233 -0.911597 0.760923 -0.550809 -0.172974 8.466287 6.927085 0.433206 1.867083 1.129366 1.845684 0.837803 2.002161 0.783686 0.995903 1.146164 0.676266 0.641005 0.434643 0.416099 1.190091 0.604376 0.441278 0.184126 1.250357  1.392628  0.029042 0.547974 5.506057     3.830917 1.162697
Mbi1.30Zp0.06T00.2500_iTp0.00_baseFe_linear_FWHM_2.51  0.25 0.06  2.51 0.0  1.090890 1.127695 0.512198 0.388536 0.498158 0.942646 12.227597  3.459690 4.440846  5.001516  5.935453 -3.387961 -1.166334  5.874139 11.639742  1.590769 13.135189 8.582022 1.103097 -3.584085 -0.289169 -0.528478 -1.139528 -0.925695  9.899027  7.730231 -14.790332 -7.014873 -4.004653 0.223144 -1.053841  9.301183  0.027886  7.331274      0.899142      1.635025      2.660522      3.096321 -0.346264 0.330870 0.256503 1.164380 0.701567  0.574005 0.562822 -1.049273 0.750049 -0.679188 -0.256338 8.864890 7.150743 0.476322 1.999272 1.065457 1.861128 0.958233 2.169721 0.851538 1.038915 1.189306 0.716739 0.755765 0.415630 0.417821 1.182629 0.600584 0.445017 0.176956 1.163268  1.290462  0.036244 0.536534 5.715382     3.932290 1.069120
Mbi1.30Zp0.06T00.3000_iTp0.00_baseFe_linear_FWHM_2.51  0.30 0.06  2.51 0.0  1.445865 1.308312 0.586276 0.457649 0.562101 0.995209 12.606532  3.936058 4.477174  5.711067  6.089602 -3.335794 -1.106266  6.561363 12.388724  1.875194 14.007759 8.862165 1.123258 -3.723646 -0.290240 -0.552348 -1.208507 -0.923634 10.244871  7.899541 -15.423623 -7.323914 -4.267585 0.230943 -1.080492  9.622516  0.050490  7.494503      0.982854      1.726150      2.760120      3.201534 -0.418220 0.347241 0.246715 1.263856 0.750285  0.612111 0.595282 -1.105593 0.806719 -0.708090 -0.258406 9.120313 7.288560 0.477900 2.105364 0.989708 1.844852 0.991479 2.200859 0.889081 1.084063 1.220802 0.718221 0.789989 0.407681 0.411448 1.221680 0.576632 0.457794 0.178980 1.132982  1.240709  0.033596 0.538769 5.846663     3.999096 1.006159
Mbi1.30Zp0.06T00.3500_iTp0.00_baseFe_linear_FWHM_2.51  0.35 0.06  2.51 0.0  1.807886 1.499621 0.679447 0.525783 0.672097 1.097055 13.043657  4.377935 4.499348  6.502515  6.193738 -3.190065 -0.921995  7.296933 13.193818  2.373442 15.011161 9.103509 1.141660 -3.856122 -0.311694 -0.605914 -1.206425 -0.937454 10.405241  7.951399 -15.803530 -7.453291 -4.422096 0.265840 -0.936126  9.648247  0.097379  7.505126      1.041828      1.783525      2.814306      3.254338 -0.322236 0.395938 0.279642 1.401508 0.833914  0.673040 0.668179 -1.124379 0.959939 -0.751578 -0.290341 9.117428 7.246652 0.494849 2.235623 0.801292 1.808029 0.989219 2.090011 0.965101 1.157278 1.258796 0.690190 0.764374 0.421958 0.396298 1.236642 0.561835 0.481110 0.184746 1.103807  1.245629  0.039702 0.547693 5.827002     3.995292 0.949655
Mbi1.30Zp0.06T00.4000_iTp0.00_baseFe_linear_FWHM_2.51  0.40 0.06  2.51 0.0  2.207686 1.789441 0.801193 0.627651 0.811641 1.127808 12.999420  4.795910 4.481272  6.644043  6.307658 -3.062186 -0.772220  8.634594 13.793655  2.751940 15.290597 9.045266 1.167662 -3.588523 -0.283607 -0.584062 -1.143696 -0.825545 10.237948  7.688679 -15.492078 -7.321558 -4.364812 0.293573 -0.713629  9.436616  0.155810  7.301385      1.039104      1.763909      2.772907      3.208602 -0.307652 0.486735 0.387352 1.577194 0.943127  0.730587 0.759689 -1.097093 1.041500 -0.776038 -0.300080 8.980813 7.054350 0.538983 2.497983 0.647988 1.748277 1.015871 2.139573 1.008746 1.284374 1.322943 0.748024 0.819476 0.438326 0.429496 1.272614 0.524940 0.504149 0.193665 1.055454  1.155728  0.013594 0.575979 5.772962     3.966935 0.972522
Mbi1.30Zp0.06T00.4500_iTp0.00_baseFe_linear_FWHM_2.51  0.45 0.06  2.51 0.0  2.386122 1.917986 0.870134 0.671540 0.859923 1.154306 12.951200  5.188856 4.418386  7.094187  6.389665 -2.868366 -0.574444  9.278869 14.224953  2.987043 15.638776 9.040241 1.185827 -3.545206 -0.263855 -0.591866 -1.134425 -0.788983 10.149667  7.525377 -15.347197 -7.221312 -4.364204 0.314928 -0.594213  9.272082  0.204611  7.135242      1.018389      1.727358      2.715977      3.143635 -0.300810 0.533507 0.418092 1.675978 0.995946  0.777866 0.789698 -1.122889 1.110590 -0.783887 -0.303862 8.849376 6.891662 0.560466 2.637540 0.594122 1.790384 1.051550 2.208834 1.077400 1.345501 1.381285 0.761748 0.772816 0.455729 0.429240 1.301145 0.485099 0.526668 0.192786 1.059103  1.157366  0.026452 0.586784 5.692574     3.915287 0.980303
Mbi1.30Zp0.06T00.5000_iTp0.00_baseFe_linear_FWHM_2.51  0.50 0.06  2.51 0.0  2.524791 2.042765 0.929415 0.712372 0.902473 1.187087 12.936386  5.213846 4.380482  6.848896  6.367680 -2.728513 -0.483396 10.187169 14.986085  3.504595 16.009612 8.990318 1.201048 -3.047355 -0.194601 -0.534960 -0.999996 -0.624621  9.680951  7.232157 -14.461052 -6.796486 -4.004095 0.335207 -0.323330  8.791756  0.241120  6.859793      0.984665      1.676742      2.643934      3.064792 -0.157309 0.642946 0.458714 1.802506 1.069165  0.830295 0.846953 -1.009477 1.208829 -0.676017 -0.233723 8.591478 6.686255 0.578791 2.835159 0.608399 1.836937 1.090837 2.294657 1.127006 1.423628 1.453881 0.786819 0.731215 0.467422 0.427257 1.348852 0.470969 0.555335 0.200971 1.013277  1.106270  0.031559 0.607201 5.541200     3.848282 1.014777
Mbi1.30Zp0.06T00.6000_iTp0.00_baseFe_linear_FWHM_2.51  0.60 0.06  2.51 0.0  3.229723 2.323959 1.110177 0.836137 1.011425 1.230421 12.568025  5.748082 4.229460  6.887101  6.367480 -2.293821 -0.129550 11.775213 15.924803  4.326437 16.327613 8.723503 1.239639 -2.182485 -0.096640 -0.428206 -0.742854 -0.333882  8.656566  6.456990 -12.438451 -5.804492 -3.264478 0.405507  0.288493  7.650457  0.354134  6.147333      0.883570      1.530065      2.438068      2.837771  0.184107 0.926505 0.609475 2.102179 1.261075  0.949278 0.999807 -0.707919 1.559874 -0.588948 -0.186511 7.958085 6.128540 0.657836 3.349549 0.665590 2.082212 1.136688 2.476824 1.199604 1.639101 1.646169 0.866788 0.761599 0.525045 0.447807 1.421807 0.505533 0.618439 0.221642 1.080848  1.199081  0.027701 0.675576 5.213135     3.675090 0.941351
Mbi1.30Zp0.06T00.7000_iTp0.00_baseFe_linear_FWHM_2.51  0.70 0.06  2.51 0.0  3.733885 2.595616 1.245226 0.947898 1.108085 1.262607 12.444403  6.215403 4.133516  6.508854  6.391744 -1.872466  0.131287 13.597459 17.152808  5.223627 16.755586 8.539834 1.277740 -1.179143  0.021721 -0.299293 -0.452081 -0.021682  7.643130  5.765946 -10.553745 -4.953650 -2.595195 0.429815  0.824653  6.633645  0.453482  5.535613      0.797203      1.411494      2.277809      2.664386  0.481839 1.152994 0.739177 2.322460 1.402102  1.022747 1.117094 -0.335110 1.844836 -0.513897 -0.161020 7.461296 5.716374 0.729104 3.751336 0.795174 2.274191 1.221664 2.733824 1.272475 1.812594 1.802541 0.959650 0.861531 0.570595 0.491945 1.486817 0.514522 0.661157 0.238939 1.141235  1.244749  0.015625 0.721221 4.937460     3.533253 0.954105
Mbi1.30Zp0.06T00.8000_iTp0.00_baseFe_linear_FWHM_2.51  0.80 0.06  2.51 0.0  4.154742 2.844658 1.351380 1.048912 1.178478 1.278123 12.212195  6.604894 4.036782  5.810909  6.411747 -1.422650  0.391093 15.446546 18.464733  6.156395 17.215304 8.357981 1.314698 -0.209271  0.133721 -0.165813 -0.162176  0.261240  6.611146  5.124925  -8.771006 -4.165170 -1.957084 0.432337  1.286704  5.643105  0.537799  4.940997      0.730256      1.315133      2.142245      2.513638  0.778072 1.345748 0.849039 2.473032 1.507847  1.056376 1.201844  0.179554 2.120791 -0.431125 -0.124298 6.921538 5.296120 0.774747 4.040444 0.886255 2.420801 1.313909 2.948604 1.351709 1.991773 1.962044 1.028774 0.914551 0.623808 0.521118 1.517406 0.506922 0.717696 0.253703 1.194110  1.305413  0.017987 0.754522 4.659976     3.393684 1.064203
Mbi1.30Zp0.06T00.9000_iTp0.00_baseFe_linear_FWHM_2.51  0.90 0.06  2.51 0.0  4.460358 3.126786 1.480004 1.160929 1.283566 1.345528 12.277884  6.915379 3.969485  6.047040  6.502813 -1.008161  0.809117 15.683850 18.539852  6.546245 17.108579 8.200742 1.331868  0.375217  0.202307 -0.065357  0.045723  0.387880  5.618886  4.550288  -7.095426 -3.279828 -1.221058 0.528762  1.777555  4.445523  0.629374  4.288322      0.650303      1.207659      1.996404      2.345684  1.254339 1.543068 0.921751 2.632820 1.626845  1.128160 1.265402  0.556327 2.431192 -0.337942 -0.072009 6.303732 4.819058 0.830472 4.271152 1.033763 2.696530 1.395199 3.156105 1.467991 2.108940 2.090633 1.062618 0.877465 0.682937 0.517274 1.598193 0.554686 0.768634 0.262117 1.280999  1.409521  0.037586 0.791909 4.345287     3.222840 1.051232
Mbi1.30Zp0.06T01.0000_iTp0.00_baseFe_linear_FWHM_2.51  1.00 0.06  2.51 0.0  4.697744 3.219216 1.591373 1.206210 1.371207 1.408185 12.463745  7.149212 3.901866  6.727987  6.597841 -0.644081  1.151540 15.199331 18.243495  6.709857 16.969142 8.172586 1.336353  0.737959  0.239879 -0.001956  0.213602  0.416749  4.828728  4.123953  -5.806444 -2.539229 -0.604237 0.612338  2.196571  3.356076  0.708763  3.730507      0.565293      1.098379      1.854497      2.182094  1.730290 1.673088 0.959539 2.748548 1.717647  1.193184 1.322160  0.786665 2.635915 -0.213534  0.029440 5.873243 4.466099 0.877225 4.469740 1.268533 2.972365 1.448997 3.348424 1.579762 2.139231 2.138779 1.091939 0.883143 0.721504 0.523327 1.667358 0.607824 0.774913 0.277388 1.403317  1.516929  0.009176 0.819331 4.034699     3.057968 1.041350
Mbi1.30Zp0.06T01.2500_iTp0.00_baseFe_linear_FWHM_2.51  1.25 0.06  2.51 0.0  5.896835 3.627178 1.812116 1.360236 1.497970 1.470169 12.621544  9.722334 3.799113  8.018905  6.850990  1.248833  2.464267 16.175648 19.446640  7.582518 17.514703 8.218952 1.404025  2.138687  0.390972  0.256496  0.686472  0.729206  2.898601  3.056420  -2.359045 -0.820465  0.864882 0.727996  3.142553  1.087229  0.948954  2.444414      0.429036      0.907188      1.588851      1.896068  2.639770 2.041415 1.207987 3.068683 1.971913  1.335158 1.582549  2.028658 3.825801 -0.078947  0.108059 4.984000 3.712599 1.007534 5.089507 2.238115 4.032403 1.760879 4.177310 1.842639 2.491233 2.490503 1.349443 0.992238 0.885881 0.676891 2.002014 0.778093 0.889595 0.343162 2.002306  2.198713  0.098335 0.924268 3.417324     2.690011 0.924529
Mbi1.30Zp0.06T01.5000_iTp0.00_baseFe_linear_FWHM_2.51  1.50 0.06  2.51 0.0  6.204662 3.827811 1.909908 1.430352 1.542076 1.541622 12.930842  9.955322 3.726790  8.117311  7.189793  1.619438  2.838145 17.511882 20.355701  8.248626 18.047263 8.288310 1.440003  2.890234  0.471598  0.406884  0.942627  0.888967  1.958643  2.568394  -1.702877 -0.516098  1.056560 0.949139  3.515437 -0.096000  1.055491  1.823684      0.383217      0.835921      1.483897      1.783245  3.173229 2.273195 1.352731 3.204480 2.095390  1.366570 1.697781  2.137581 4.060405  0.133398  0.270185 4.552787 3.328673 1.061004 5.397192 2.613617 4.440904 2.094049 4.873258 2.189073 2.673697 2.720491 1.555611 1.280921 0.936050 0.774536 2.261030 1.213725 1.022549 0.433069 3.625990  3.862339  0.129640 1.008259 3.061571     2.499363 2.659589
Mbi1.30Zp0.06T01.7500_iTp0.00_baseFe_linear_FWHM_2.51  1.75 0.06  2.51 0.0  6.891796 4.156825 2.016521 1.539121 1.605091 1.604345 13.330542 11.078875 3.733304  8.805890  7.498223  2.339219  3.400995 17.944397 20.877372  8.639197 18.357524 8.394236 1.469280  3.405789  0.523680  0.504193  1.128391  0.999674  1.251294  2.206154  -0.987079 -0.166612  1.325377 1.020688  3.902725 -0.913409  1.156714  1.366311      0.352621      0.789152      1.414741      1.705914  3.474519 2.379185 1.436739 3.298796 2.160120  1.389052 1.755533  2.455006 4.307307  0.171739  0.293021 4.324218 3.135196 1.098772 5.552214 2.712365 4.573129 2.226763 5.068276 2.332197 2.752149 2.793539 1.598036 1.410251 0.940262 0.772810 2.302840 1.261379 1.027194 0.441744 3.820667  4.035775  0.093844 1.021637 2.934826     2.427942 2.944498
Mbi1.30Zp0.06T02.0000_iTp0.00_baseFe_linear_FWHM_2.51  2.00 0.06  2.51 0.0  7.298696 4.377324 2.101239 1.621970 1.664321 1.664062 13.677623 12.593563 3.736102 10.064828  7.802108  3.433286  4.254383 18.340115 21.431558  8.901689 18.689552 8.530810 1.507176  3.856120  0.579960  0.603853  1.285420  1.083930  0.675350  1.915726  -0.254466  0.176165  1.603493 1.102879  4.255874 -1.689267  1.254407  0.921210      0.311217      0.732288      1.336530      1.618819  3.780770 2.471001 1.508639 3.374742 2.219659  1.412041 1.810177  2.779977 4.634039  0.236465  0.338788 4.132694 2.954303 1.137534 5.679076 2.944498 4.839089 2.398912 5.376011 2.494427 2.829537 2.878721 1.663482 1.483841 0.969287 0.810830 2.412373 1.369138 1.073349 0.446445 4.081212  4.333255  0.119529 1.046865 2.792101     2.326510 3.199152
Mbi1.30Zp0.06T02.2500_iTp0.00_baseFe_linear_FWHM_2.51  2.25 0.06  2.51 0.0  7.659610 4.533445 2.180630 1.684703 1.740844 1.717369 14.065125 13.870505 3.739831 11.121144  7.963709  4.398367  5.001442 18.715813 21.956739  9.097170 18.974326 8.658902 1.543491  4.238910  0.619143  0.696770  1.405987  1.169511  0.147248  1.639051   0.407514  0.492483  1.859697 1.167168  4.497497 -2.294055  1.335537  0.548878      0.267585      0.675304      1.261641      1.537346  4.009370 2.542747 1.559774 3.434490 2.279177  1.437261 1.864099  2.963077 4.809800  0.269370  0.361018 3.954733 2.780185 1.167251 5.772759 3.109208 5.028799 2.518082 5.604491 2.608217 2.897285 2.942019 1.718069 1.475274 1.000313 0.837307 2.508882 1.384210 1.111956 0.450480 4.140677  4.419577  0.176824 1.056738 2.666587     2.239226 3.298672
Mbi1.30Zp0.06T02.5000_iTp0.00_baseFe_linear_FWHM_2.51  2.50 0.06  2.51 0.0  8.152244 4.735928 2.260918 1.758768 1.818265 1.773602 14.587001 15.173249 3.759772 12.132474  8.182416  5.205079  5.628803 18.835039 22.316510  9.262866 19.170477 8.752226 1.578991  4.621706  0.672826  0.787830  1.530575  1.247009 -0.315040  1.419714   0.981005  0.773677  2.107721 1.236267  4.743097 -2.871704  1.426988  0.191380      0.235015      0.631902      1.203080      1.472393  4.270829 2.600336 1.618767 3.487813 2.330610  1.458186 1.913305  3.163120 5.034759  0.311758  0.389014 3.806473 2.635664 1.198837 5.865155 3.339145 5.282743 2.667997 5.896424 2.753937 2.994763 3.020137 1.783256 1.493482 1.023293 0.862035 2.605743 1.421749 1.139983 0.466176 4.311875  4.596039  0.197199 1.074790 2.555133     2.163807 3.473455
Mbi1.30Zp0.06T02.7500_iTp0.00_baseFe_linear_FWHM_2.51  2.75 0.06  2.51 0.0  8.432198 4.852062 2.310668 1.802542 1.869285 1.825112 14.963630 15.905831 3.778708 12.677543  8.308179  5.636491  5.964431 18.933693 22.525986  9.341104 19.289915 8.805001 1.599614  4.832482  0.701883  0.835565  1.602133  1.284517 -0.546783  1.315658   1.192294  0.885546  2.203782 1.288511  4.863910 -3.156035  1.473251  0.018584      0.217789      0.609866      1.174574      1.441440  4.407727 2.639322 1.655420 3.532133 2.361395  1.472935 1.939967  3.303491 5.160423  0.355093  0.427203 3.761031 2.576993 1.216873 5.930303 3.459158 5.413087 2.762367 6.074265 2.854316 3.049501 3.061964 1.820520 1.524183 1.041360 0.872914 2.672443 1.474825 1.162191 0.471794 4.478057  4.775620  0.213896 1.086710 2.495543     2.132041 3.767822
Mbi1.30Zp0.06T03.0000_iTp0.00_baseFe_linear_FWHM_2.51  3.00 0.06  2.51 0.0  8.571673 4.954019 2.340447 1.832984 1.902293 1.843013 15.178822 16.361831 3.778113 13.297140  8.485376  6.030594  6.311616 18.964850 22.598486  9.404178 19.338824 8.840355 1.610490  4.921129  0.710352  0.860712  1.633369  1.294532 -0.634341  1.280271   0.954811  0.767543  2.064334 1.306593  4.938916 -3.271263  1.499623 -0.068192      0.214139      0.604765      1.167122      1.428668  4.425612 2.627481 1.638840 3.519453 2.350982  1.457030 1.906322  3.331090 5.081601  0.329002  0.407275 3.724440 2.552075 1.222081 5.857148 3.441186 5.386871 2.823538 6.112536 2.915225 3.027774 3.033193 1.802036 1.510929 1.029007 0.853952 2.679519 1.427616 1.161103 0.462944 4.269069  4.561264  0.227153 1.068484 2.500927     2.136474 3.716029
Mbi1.30Zp0.06T03.2500_iTp0.00_baseFe_linear_FWHM_2.51  3.25 0.06  2.51 0.0  8.883619 5.089554 2.382285 1.875962 1.957688 1.881460 15.553846 17.228316 3.789126 14.044887  8.635400  6.619488  6.764738 19.102869 22.857504  9.490886 19.486298 8.905357 1.637152  5.152215  0.742217  0.917026  1.707185  1.336912 -0.895459  1.164067   1.237328  0.905780  2.184329 1.349955  5.065084 -3.573243  1.548760 -0.256082      0.198889      0.583398      1.137338      1.396121  4.563099 2.664031 1.672616 3.558133 2.380782  1.472671 1.934173  3.417999 5.188906  0.345607  0.419390 3.661966 2.484967 1.242732 5.919485 3.551868 5.513257 2.909491 6.277268 3.001604 3.076074 3.073313 1.835002 1.527415 1.043588 0.867537 2.736424 1.439619 1.175248 0.468416 4.309759  4.599080  0.239492 1.073805 2.448163     2.101956 3.813385
Mbi1.30Zp0.06T03.5000_iTp0.00_baseFe_linear_FWHM_2.51  3.50 0.06  2.51 0.0  9.111802 5.215200 2.435312 1.923981 2.002454 1.911425 15.827191 17.950807 3.822498 14.682759  8.786644  7.123774  7.173215 19.244314 23.045691  9.559329 19.587780 8.966466 1.659242  5.336522  0.767576  0.958155  1.770813  1.370911 -1.119804  1.066109   1.495774  1.031682  2.290695 1.389227  5.156256 -3.829549  1.582288 -0.399896      0.187442      0.568476      1.117766      1.374330  4.699294 2.704030 1.702638 3.595088 2.412414  1.482320 1.953732  3.498822 5.297671  0.340255  0.411272 3.610702 2.432675 1.263660 5.966885 3.684136 5.664499 2.976026 6.405406 3.062622 3.112963 3.114040 1.866104 1.560065 1.059431 0.880375 2.781519 1.454155 1.192525 0.473737 4.330115  4.627001  0.254936 1.082042 2.411384     2.074794 3.783941
Mbi1.30Zp0.06T03.7500_iTp0.00_baseFe_linear_FWHM_2.51  3.75 0.06  2.51 0.0  9.306896 5.303061 2.477849 1.965694 2.034875 1.930742 16.024222 18.576140 3.844311 15.241816  8.905431  7.562172  7.524026 19.322094 23.189885  9.603728 19.656029 9.012169 1.677795  5.499057  0.793978  0.993787  1.824034  1.400754 -1.313706  0.976923   1.737702  1.150428  2.393046 1.421711  5.232902 -4.043730  1.611204 -0.523867      0.176945      0.554815      1.099888      1.354730  4.811100 2.740909 1.730411 3.626296 2.440435  1.489986 1.971920  3.554514 5.381709  0.344825  0.413880 3.567212 2.387558 1.281699 6.014776 3.782108 5.778487 3.036445 6.512967 3.118185 3.146013 3.152076 1.893633 1.572543 1.073189 0.890828 2.830176 1.461623 1.208496 0.477908 4.331002  4.637759  0.267605 1.090338 2.377884     2.052712 3.811706
Mbi1.30Zp0.06T04.0000_iTp0.00_baseFe_linear_FWHM_2.51  4.00 0.06  2.51 0.0  9.467802 5.373346 2.511308 1.998345 2.067848 1.949819 16.217359 19.046000 3.864292 15.657562  9.001767  7.861604  7.770210 19.347206 23.273825  9.622637 19.684239 9.038027 1.692222  5.639203  0.818782  1.026181  1.869177  1.426991 -1.471714  0.907995   1.919489  1.239230  2.473171 1.454458  5.280903 -4.213298  1.634935 -0.624706      0.168031      0.543339      1.084789      1.337708  4.910236 2.767889 1.751874 3.647302 2.461570  1.493052 1.982472  3.578107 5.438303  0.359557  0.423854 3.528170 2.346789 1.296829 6.045757 3.878928 5.885914 3.101291 6.627411 3.182293 3.179331 3.183914 1.921411 1.587171 1.083543 0.900270 2.866088 1.471356 1.223569 0.482209 4.387289  4.699377  0.280807 1.097462 2.332695     2.026864 3.946430
Mbi1.30Zp0.06T04.5000_iTp0.00_baseFe_linear_FWHM_2.51  4.50 0.06  2.51 0.0  9.785346 5.500595 2.553615 2.046269 2.097746 2.001830 16.637620 19.751082 3.869952 16.195263  9.128406  8.158083  7.992746 19.048413 23.241506  9.628287 19.651123 9.026190 1.707590  5.889995  0.865138  1.085084  1.943777  1.466587 -1.725515  0.811225   2.196799  1.370303  2.589785 1.501958  5.336639 -4.407952  1.671591 -0.754564      0.150435      0.522636      1.060108      1.310729  5.016468 2.806077 1.773616 3.670590 2.487681  1.497745 1.994777  3.777430 5.548463  0.402190  0.466329 3.487769 2.292126 1.315544 6.061087 4.021242 6.034309 3.187284 6.784885 3.272038 3.235353 3.226321 1.947157 1.636928 1.095158 0.906786 2.929536 1.480575 1.243472 0.485335 4.460685  4.785755  0.289296 1.107463 2.286892     2.001103 4.065192
Mbi1.30Zp0.06T05.0000_iTp0.00_baseFe_linear_FWHM_2.51  5.00 0.06  2.51 0.0  9.802320 5.486451 2.554532 2.047233 2.126574 2.006372 16.673777 19.842480 3.864508 16.377473  9.135271  8.256547  8.077835 18.995078 23.198010  9.626361 19.636761 9.020860 1.710008  5.909778  0.871133  1.091114  1.950123  1.467125 -1.720289  0.815920   2.077670  1.317818  2.538167 1.515601  5.345482 -4.435602  1.676711 -0.772217      0.151232      0.523478      1.060812      1.309667  5.037730 2.803280 1.769168 3.669406 2.484130  1.491682 1.983715  3.810231 5.538524  0.403245  0.465659 3.466621 2.281780 1.316728 6.038251 4.057345 6.063247 3.215187 6.832281 3.297010 3.232876 3.223373 1.943712 1.620306 1.087469 0.900003 2.961895 1.460951 1.245409 0.484454 4.384432  4.709903  0.294268 1.100730 2.287204     2.001646 4.098896
Mbi1.30Zp0.06T05.5000_iTp0.00_baseFe_linear_FWHM_2.51  5.50 0.06  2.51 0.0 10.174900 5.669290 2.605472 2.112408 2.154898 2.049835 17.118147 20.781303 3.884588 17.110784  9.353236  8.702374  8.421344 18.808879 23.284556  9.667959 19.667807 9.047414 1.732422  6.192568  0.919685  1.157763  2.041615  1.513028 -2.033552  0.699778   2.425510  1.483429  2.684706 1.568493  5.425925 -4.685608  1.719632 -0.927432      0.137048      0.505935      1.038941      1.285825  5.173282 2.850133 1.804175 3.698087 2.517334  1.494742 1.998432  3.951409 5.648426  0.429343  0.491875 3.428716 2.229211 1.341190 6.075354 4.208322 6.236027 3.317487 7.004005 3.402643 3.298274 3.277028 1.978737 1.705289 1.105380 0.912359 3.016304 1.471549 1.269035 0.486477 4.478085  4.820138  0.305813 1.113470 2.230931     1.972813 4.291951
Mbi1.30Zp0.06T06.0000_iTp0.00_baseFe_linear_FWHM_2.51  6.00 0.06  2.51 0.0 10.526612 5.806293 2.649813 2.169116 2.199401 2.079265 17.451848 21.735439 3.902664 17.863049  9.517488  9.215679  8.801181 18.806411 23.499476  9.738041 19.817142 9.110254 1.758031  6.403500  0.957845  1.204955  2.110746  1.549956 -2.268184  0.610629   2.659917  1.599677  2.789650 1.609457  5.522712 -4.922931  1.756183 -1.067826      0.127903      0.493914      1.023029      1.268209  5.296102 2.888836 1.834258 3.729799 2.547696  1.498874 2.011286  4.041845 5.734792  0.451961  0.511401 3.392527 2.189295 1.357613 6.121715 4.345292 6.387426 3.400804 7.158312 3.481034 3.349085 3.317612 2.007911 1.770661 1.118613 0.921276 3.076587 1.482568 1.289147 0.491911 4.541758  4.901149  0.313996 1.122556 2.191580     1.949326 4.404723
Mbi1.30Zp0.06T06.5000_iTp0.00_baseFe_linear_FWHM_2.51  6.50 0.06  2.51 0.0 10.763937 5.878821 2.677746 2.203524 2.252344 2.104136 17.688637 22.472048 3.914354 18.511796  9.612450  9.678005  9.152396 18.791133 23.612527  9.780274 19.895899 9.148896 1.777771  6.536122  0.981354  1.236271  2.154157  1.575433 -2.423917  0.544396   2.785517  1.662365  2.845091 1.643308  5.593281 -5.114837  1.784044 -1.182570      0.123051      0.486360      1.011448      1.254127  5.404369 2.907298 1.853747 3.752994 2.565244  1.500328 2.016888  4.109075 5.791905  0.467119  0.521598 3.352780 2.150768 1.367457 6.145894 4.460586 6.511369 3.466573 7.285867 3.538472 3.381082 3.341741 2.027295 1.799041 1.123067 0.925750 3.128986 1.482816 1.301984 0.494078 4.545884  4.912463  0.327754 1.125071 2.154102     1.927437 4.504384
Mbi1.30Zp0.06T07.0000_iTp0.00_baseFe_linear_FWHM_2.51  7.00 0.06  2.51 0.0 11.012510 5.943716 2.708913 2.238350 2.308558 2.126877 17.917328 23.277500 3.934447 19.180501  9.687834 10.177963  9.526878 18.834189 23.771049  9.829141 20.008176 9.201872 1.801175  6.671197  1.004572  1.266874  2.200259  1.602711 -2.586693  0.473947   2.984876  1.764198  2.943660 1.676840  5.667865 -5.322209  1.812273 -1.302029      0.118300      0.478578      0.999158      1.239932  5.522739 2.931222 1.880852 3.780603 2.586279  1.506326 2.033154  4.156146 5.876314  0.490698  0.537666 3.309511 2.108522 1.378093 6.189371 4.579362 6.639152 3.530014 7.419232 3.595742 3.416904 3.373452 2.053528 1.815119 1.129135 0.934793 3.187109 1.501645 1.315131 0.498836 4.598517  4.969044  0.337390 1.130248 2.115057     1.905231 4.631632
Mbi1.30Zp0.06T07.5000_iTp0.00_baseFe_linear_FWHM_2.51  7.50 0.06  2.51 0.0 11.291626 6.043906 2.751947 2.280670 2.355776 2.147550 18.219143 24.223635 3.960244 19.950495  9.822324 10.706412  9.919279 18.844001 23.958886  9.899751 20.169940 9.274463 1.825837  6.812148  1.023263  1.300869  2.255060  1.629238 -2.768526  0.400433   3.179082  1.864157  3.037468 1.705968  5.747087 -5.528621  1.845009 -1.423334      0.115084      0.471896      0.987443      1.226462  5.638393 2.955102 1.908435 3.803956 2.604478  1.509614 2.045410  4.239596 5.960025  0.509962  0.553441 3.274743 2.068038 1.389314 6.210933 4.696647 6.763505 3.590581 7.535029 3.656217 3.451101 3.401955 2.077991 1.846057 1.136942 0.941921 3.238937 1.513214 1.324827 0.502189 4.629296  5.007047  0.348235 1.133255 2.081028     1.888814 4.705809
Mbi1.30Zp0.06T08.0000_iTp0.00_baseFe_linear_FWHM_2.51  8.00 0.06  2.51 0.0 11.496462 6.117977 2.782580 2.318814 2.409318 2.171757 18.435193 24.826722 3.985607 20.532248  9.919469 11.156070 10.285407 18.985745 24.139556  9.940886 20.265148 9.328262 1.848691  6.950150  1.048956  1.331615  2.297832  1.657195 -2.919772  0.329902   3.340366  1.944832  3.114387 1.745426  5.814403 -5.720101  1.871422 -1.540186      0.105184      0.459404      0.971227      1.208763  5.737177 2.978681 1.926302 3.826394 2.626799  1.518044 2.063548  4.191369 6.016692  0.530989  0.565889 3.232139 2.027338 1.399307 6.250755 4.794610 6.870223 3.657746 7.657736 3.713415 3.481678 3.428145 2.102218 1.853687 1.140802 0.950976 3.294989 1.537136 1.336639 0.507039 4.671442  5.049712  0.355860 1.137634 2.044393     1.867794 4.847076
Mbi1.30Zp0.06T08.5000_iTp0.00_baseFe_linear_FWHM_2.51  8.50 0.06  2.51 0.0 11.714563 6.192252 2.810340 2.357090 2.466755 2.202162 18.701212 25.410554 4.006490 21.067517 10.009167 11.570942 10.618145 19.071340 24.282734  9.972423 20.330475 9.364895 1.870995  7.101410  1.077824  1.366761  2.343789  1.687015 -3.085362  0.254607   3.513999  2.030679  3.196864 1.788423  5.874455 -5.911159  1.896811 -1.658651      0.099162      0.450257      0.957587      1.193365  5.836049 3.001310 1.947118 3.853209 2.648205  1.526421 2.078753  4.203235 6.078470  0.548458  0.575759 3.187135 1.985294 1.410098 6.289426 4.891800 6.974228 3.716475 7.771157 3.765876 3.514123 3.452642 2.124862 1.874433 1.146879 0.957986 3.346327 1.548476 1.349672 0.512129 4.701638  5.079653  0.364511 1.142628 2.009151     1.846253 4.922254
Mbi1.30Zp0.06T09.0000_iTp0.00_baseFe_linear_FWHM_2.51  9.00 0.06  2.51 0.0 11.895977 6.255006 2.837729 2.385948 2.504915 2.226586 18.953587 26.005844 4.021686 21.540564 10.087402 11.891475 10.854917 19.029258 24.370737 10.004312 20.397500 9.395891 1.887974  7.216695  1.098729  1.394436  2.381925  1.706873 -3.222042  0.201840   3.660977  2.107154  3.269053 1.818499  5.909139 -6.042183  1.915489 -1.736852      0.097043      0.446237      0.950870      1.185491  5.912829 3.018182 1.967983 3.873187 2.660836  1.528168 2.083507  4.248969 6.122190  0.566612  0.588756 3.156084 1.953397 1.418432 6.303701 4.978587 7.062096 3.764173 7.864925 3.811413 3.535531 3.473427 2.140317 1.889064 1.150331 0.962108 3.392998 1.560645 1.361027 0.514581 4.729445  5.121403  0.377466 1.146471 1.989524     1.832656 5.026048
Mbi1.30Zp0.06T09.5000_iTp0.00_baseFe_linear_FWHM_2.51  9.50 0.06  2.51 0.0 12.071567 6.335730 2.861615 2.416261 2.548167 2.246898 19.180878 26.580618 4.035723 21.999932 10.139508 12.219356 11.101023 18.982569 24.441693 10.013465 20.437135 9.411024 1.905234  7.347459  1.126530  1.426291  2.422019  1.728661 -3.348517  0.150217   3.860371  2.207756  3.372972 1.850782  5.938825 -6.169712  1.936070 -1.817674      0.092061      0.439119      0.940957      1.175021  6.000011 3.040007 1.994975 3.899692 2.678962  1.535835 2.093204  4.286749 6.182867  0.580883  0.599705 3.131656 1.924201 1.429814 6.335613 5.067739 7.155062 3.819519 7.968613 3.859151 3.564431 3.503490 2.162370 1.894934 1.152412 0.967993 3.441616 1.569542 1.372408 0.518820 4.765809  5.166773  0.393035 1.152224 1.974522     1.818974 5.099502
Mbi1.30Zp0.06T10.0000_iTp0.00_baseFe_linear_FWHM_2.51 10.00 0.06  2.51 0.0 12.268143 6.402529 2.881310 2.442797 2.585847 2.265750 19.380171 27.112289 4.047938 22.357096 10.153402 12.509466 11.304153 18.928474 24.514651 10.014778 20.474934 9.419389 1.920782  7.478648  1.153355  1.456692  2.462900  1.751450 -3.472642  0.100398   4.090931  2.319973  3.490771 1.881711  5.961430 -6.280273  1.953092 -1.884046      0.087668      0.432870      0.932419      1.166533  6.079326 3.069154 2.024069 3.927236 2.698237  1.542966 2.104671  4.356536 6.259150  0.600824  0.617184 3.116860 1.903719 1.440913 6.378708 5.156860 7.249262 3.870558 8.070628 3.904481 3.594888 3.537929 2.184578 1.932729 1.155209 0.973183 3.494697 1.584163 1.383067 0.524735 4.840617  5.245645  0.401725 1.158689 1.952881     1.808551 5.239920
Mbi1.30Zp0.06T10.5000_iTp0.00_baseFe_linear_FWHM_2.51 10.50 0.06  2.51 0.0 12.481642 6.476142 2.901841 2.470869 2.627704 2.291553 19.607621 27.635122 4.068285 22.726274 10.203315 12.782470 11.503459 18.889484 24.574891 10.027678 20.492510 9.429362 1.936281  7.591560  1.172150  1.485068  2.499139  1.773913 -3.602894  0.046552   4.270142  2.405504  3.574269 1.909682  5.987420 -6.378949  1.969071 -1.946327      0.087692      0.430726      0.927272      1.160611  6.139487 3.090875 2.044926 3.952205 2.714940  1.547736 2.114762  4.419104 6.310741  0.614945  0.627393 3.091334 1.875890 1.449391 6.409424 5.231141 7.323171 3.897515 8.137646 3.932295 3.615240 3.559412 2.198150 1.946578 1.162472 0.976605 3.528115 1.588507 1.392987 0.527711 4.857493  5.265435  0.410897 1.161996 1.935091     1.796147 5.294805
Mbi1.30Zp0.06T11.0000_iTp0.00_baseFe_linear_FWHM_2.51 11.00 0.06  2.51 0.0 12.560841 6.507311 2.910248 2.485394 2.655317 2.307599 19.761841 27.702520 4.069360 22.791552 10.249973 12.771097 11.487142 18.747160 24.526489 10.017790 20.455714 9.411292 1.935955  7.654276  1.186943  1.503995  2.513575  1.784484 -3.645315  0.040098   4.236748  2.389357  3.559239 1.934786  5.986304 -6.397222  1.975425 -1.960071      0.090202      0.433687      0.930836      1.163403  6.149166 3.100662 2.050002 3.962918 2.721389  1.541723 2.105236  4.480765 6.294360  0.633649  0.645390 3.076948 1.862961 1.452686 6.399176 5.272881 7.357059 3.932741 8.195452 3.971588 3.630983 3.566486 2.200771 1.943370 1.167403 0.973952 3.567314 1.586008 1.406453 0.527071 4.869274  5.282267  0.421072 1.159217 1.921170     1.792184 5.387734
Mbi1.30Zp0.06T11.5000_iTp0.00_baseFe_linear_FWHM_2.51 11.50 0.06  2.51 0.0 12.719136 6.558534 2.926361 2.507557 2.688972 2.327402 19.960761 28.037648 4.082032 23.030105 10.297614 12.929741 11.598481 18.684872 24.567445 10.018544 20.472268 9.413296 1.946066  7.757595  1.208832  1.530591  2.542803  1.802719 -3.747383  0.003971   4.374393  2.456582  3.627850 1.962223  6.000703 -6.474975  1.988731 -2.010026      0.087073      0.429511      0.925285      1.157362  6.196970 3.120506 2.067398 3.979752 2.734642  1.544772 2.110097  4.522061 6.325079  0.649808  0.658051 3.058026 1.841184 1.459800 6.419548 5.334809 7.418873 3.970805 8.266666 4.008099 3.654514 3.585565 2.214479 1.947309 1.171706 0.977790 3.603146 1.589077 1.417497 0.529262 4.896741  5.314781  0.429852 1.162761 1.902920     1.780856 5.493319
Mbi1.30Zp0.06T12.0000_iTp0.00_baseFe_linear_FWHM_2.51 12.00 0.06  2.51 0.0 12.852425 6.580970 2.937479 2.519285 2.713265 2.347026 20.140404 28.240058 4.093775 23.123021 10.325457 12.993851 11.632126 18.631234 24.616519 10.017463 20.501793 9.414619 1.952240  7.843740  1.229615  1.551329  2.565468  1.818978 -3.831864 -0.025296   4.484584  2.511361  3.685895 1.987021  6.005982 -6.540777  1.995760 -2.046075      0.085241      0.426751      0.921470      1.153328  6.239919 3.140789 2.082307 3.993485 2.745678  1.546749 2.111726  4.559496 6.349605  0.669543  0.672987 3.045080 1.824263 1.466844 6.434808 5.398211 7.486477 3.997403 8.326577 4.034380 3.678950 3.602193 2.228660 1.969317 1.175252 0.981671 3.635540 1.590894 1.428695 0.530677 4.918904  5.344284  0.437665 1.167740 1.885607     1.770629 5.594683
Mbi1.30Zp0.06T12.5000_iTp0.00_baseFe_linear_FWHM_2.51 12.50 0.06  2.51 0.0 12.989715 6.610428 2.953670 2.535385 2.741107 2.369816 20.373953 28.459886 4.122858 23.253699 10.384851 13.113963 11.731769 18.711934 24.720332 10.025700 20.558432 9.438227 1.964199  7.957387  1.252598  1.576354  2.600864  1.840278 -3.948161 -0.070164   4.646483  2.592456  3.770265 2.017206  6.014467 -6.629768  2.006466 -2.099363      0.081836      0.421492      0.914134      1.145559  6.300972 3.162765 2.098906 4.007182 2.758459  1.553717 2.120475  4.580801 6.402223  0.683106  0.682967 3.027828 1.802497 1.475720 6.452358 5.487921 7.582859 4.038921 8.406391 4.068560 3.707564 3.620101 2.247885 2.017412 1.179302 0.987634 3.675654 1.598417 1.436652 0.532548 4.941000  5.373787  0.443795 1.173368 1.864229     1.754482 5.595890
Mbi1.30Zp0.06T13.0000_iTp0.00_baseFe_linear_FWHM_2.51 13.00 0.06  2.51 0.0 13.195031 6.663184 2.972925 2.560691 2.777820 2.394781 20.582427 28.942613 4.151007 23.550312 10.428718 13.367110 11.917786 18.750508 24.844219 10.056314 20.616498 9.467426 1.980458  8.060766  1.271909  1.600922  2.632945  1.862347 -4.077659 -0.126659   4.920073  2.725051  3.902216 2.044164  6.043200 -6.736019  2.021337 -2.161298      0.079546      0.416584      0.905896      1.137948  6.358169 3.190339 2.125449 4.030720 2.778529  1.562246 2.145105  4.608840 6.472941  0.706886  0.701477 3.010363 1.778084 1.481905 6.509673 5.564023 7.662270 4.055264 8.472785 4.086890 3.733102 3.650931 2.270616 2.042493 1.193629 0.998776 3.713193 1.635041 1.445823 0.538429 5.058800  5.491410  0.446649 1.182006 1.832784     1.739356 5.727177
Mbi1.30Zp0.06T13.5000_iTp0.00_baseFe_linear_FWHM_2.51 13.50 0.06  2.51 0.0 13.351327 6.698059 2.987845 2.577963 2.800022 2.416704 20.758260 29.264418 4.169537 23.764830 10.461687 13.532785 12.050124 18.833119 24.949059 10.072338 20.671063 9.492150 1.994175  8.145504  1.289007  1.617239  2.657913  1.882103 -4.180783 -0.174550   5.064706  2.794078  3.970845 2.065141  6.065116 -6.820647  2.031051 -2.212968      0.074284      0.409406      0.896255      1.127753  6.407625 3.208239 2.141554 4.044172 2.791297  1.566060 2.152545  4.600397 6.505368  0.723333  0.713960 2.986934 1.752490 1.489015 6.534083 5.641202 7.737187 4.080481 8.535688 4.108702 3.749214 3.667853 2.288117 2.061324 1.198448 1.004259 3.746326 1.642136 1.453083 0.540949 5.097277  5.530316  0.454993 1.188520 1.810125     1.726406 5.839201
Mbi1.30Zp0.06T14.0000_iTp0.00_baseFe_linear_FWHM_2.51 14.00 0.06  2.51 0.0 13.505530 6.747001 3.007233 2.596288 2.820275 2.434927 20.897588 29.534433 4.182315 23.970328 10.490776 13.693453 12.176914 18.882744 25.026100 10.072129 20.693624 9.502413 2.004679  8.216445  1.301306  1.632291  2.678050  1.899444 -4.266204 -0.213281   5.167867  2.836355  4.010137 2.084985  6.070707 -6.877881  2.036784 -2.244880      0.071926      0.406295      0.892080      1.123400  6.447815 3.224461 2.152474 4.061703 2.803471  1.572623 2.156285  4.566453 6.514957  0.730006  0.717148 2.972222 1.733691 1.495743 6.551337 5.685789 7.783996 4.106634 8.586030 4.128520 3.758821 3.679286 2.300423 2.074982 1.195097 1.008409 3.767214 1.656606 1.462614 0.543122 5.120636  5.563265  0.464495 1.195175 1.805252     1.717631 5.925146
