                                                 file   age  met  FWHM   z    Fe3581  e_Fe3581   Fe3619  e_Fe3619   Fe3631  e_Fe3631   Fe3646  e_Fe3646   Fe3683  e_Fe3683   Fe3706  e_Fe3706    Fe3741  e_Fe3741     UV_CN   e_UV_CN    H10Fe  e_H10Fe       CNB     e_CNB  MgH93838  e_MgH93838   CNO3862  e_CNO3862    CN3883  e_CN3883      CaHK    e_CaHK   CaIIH+K  e_CaIIH+K  CaK3933  e_CaK3933       H+K    e_H+K  CaH3968  e_CaH3968   Dn4000  e_Dn4000    FeBand  e_FeBand    Fe4033  e_Fe4033    Fe4046  e_Fe4046    Fe4064  e_Fe4064    Sr4077  e_Sr4077       HdA    e_HdA       HdF    e_HdF    CNO4175  e_CNO4175       CN1    e_CN1       CN2    e_CN2   Ca4227  e_Ca4227     G4300  e_G4300       HgA    e_HgA    Fe4326  e_Fe4326       HgF    e_HgF  Hg_sigma_275  e_Hg_sigma_275  Hg_sigma_200  e_Hg_sigma_200  Hg_sigma_125  e_Hg_sigma_125  Hg_sigma_130  e_Hg_sigma_130    Fe4383  e_Fe4383   Fe4457  e_Fe4457   Ca4455  e_Ca4455   Fe4531  e_Fe4531   Fe4592  e_Fe4592  FeII4550  e_FeII4550   Ca4592  e_Ca4592    CO4685  e_CO4685  C2_4668  e_C2_4668      bTiO   e_bTiO    Mg4780  e_Mg4780  Hbeta_o  e_Hbeta_o    Hbeta  e_Hbeta   Fe4920  e_Fe4920   Fe5015  e_Fe5015      Mg1    e_Mg1      MgH    e_MgH      MgG    e_MgG      Mg2    e_Mg2      Mgb    e_Mgb   Fe5270  e_Fe5270   Fe5335  e_Fe5335   Fe5406  e_Fe5406     aTiO   e_aTiO   Fe5709  e_Fe5709   Fe5782  e_Fe5782      NaD    e_NaD     TiO1   e_TiO1   Ca6162  e_Ca6162   Fe6189  e_Fe6189     TiO2   e_TiO2  TiO2sdss  e_TiO2sdss      CaH1   e_CaH1   Fe6497  e_Fe6497   Halpha  e_Halpha  Ha(Gregg94)  e_Ha(Gregg94)     CaH2   e_CaH2  MgFe_prime  Fe_mean
Mbi1.30Zp0.06T00.0300_iTp0.00_baseFe_linear_FWHM_2.51  0.03 0.06  2.51 0.0 -1.422108  0.030326 0.533868  0.015580 0.245551  0.011354 0.148380  0.008706 0.371795  0.006887 0.627997  0.005301  7.504259  0.020485  1.741138  0.023336 3.178630 0.009553  1.618982  0.019866  4.577498    0.007788 -2.383874   0.017253 -0.774313  0.017475  2.561488  0.028033  8.051651   0.022125 1.565787   0.006003  7.893405 0.014072 5.779762   0.008557 0.998836  0.000141 -1.341751  0.025337 -0.089835  0.008474 -0.335237  0.004561 -0.484556  0.006472 -0.237268  0.006090  5.497339 0.004431  4.853919 0.003740  -7.466562   0.018663 -3.350886 0.008901 -1.040816 0.004447 0.222260  0.005767 -0.165597 0.012085  5.112907 0.010851 -0.087067  0.008542  4.894835 0.009792      0.619326        0.007479      1.127316        0.007597      1.855660        0.008565      2.144791        0.008728  0.828154  0.025448 0.507053  0.008749 0.620615  0.013173 1.001896  0.008657 0.593605  0.008733  0.544500    0.008906 0.585749  0.009056 -0.528652  0.031571 0.891208   0.022572  0.277178 0.023750  0.314992  0.021396 5.812250   0.013567 5.005048 0.013515 0.678691  0.010307 2.407177  0.045880 1.036158 0.018617 1.591245 0.028575 0.644188 0.017723 1.917748 0.013078 0.594867 0.014489 0.994058  0.026743 1.114836  0.020001 0.661544  0.024926 0.871324 0.073232 0.337525  0.012443 0.451995  0.016571 1.325905 0.029168 1.524432 0.034561 0.508024  0.021343 0.225978  0.012209 4.164731 0.028000  4.447963    0.028133 -0.065891 0.037513 0.708371  0.016326 4.164764  0.019633     3.084007       0.014041 3.265921 0.063267    0.781953 1.054447
Mbi1.30Zp0.06T00.0400_iTp0.00_baseFe_linear_FWHM_2.51  0.04 0.06  2.51 0.0 -1.440055  0.059444 0.591905  0.013198 0.227693  0.008756 0.158288  0.005640 0.373782  0.006839 0.634488  0.012190  7.681467  0.047536  1.884944  0.033670 3.205176 0.005124  1.728213  0.030630  4.532027    0.008560 -2.378795   0.015852 -0.804529  0.016195  3.756861  0.026598  8.705511   0.025239 1.636889   0.008132  8.504275 0.017733 6.005559   0.006954 1.017951  0.000222 -1.413732  0.041179 -0.099988  0.008108 -0.333718  0.005411 -0.501936  0.015456 -0.254339  0.013239  5.655554 0.015515  4.867089 0.008425  -7.615200   0.039071 -3.472143 0.015839 -1.204139 0.021986 0.219097  0.007421 -0.025986 0.012200  5.094919 0.020904 -0.054755  0.010518  4.859515 0.010559      0.606841        0.008529      1.109369        0.009839      1.830929        0.010912      2.121157        0.009106  0.787295  0.028384 0.645987  0.010161 0.600996  0.013543 1.172948  0.019590 0.714869  0.012626  0.624571    0.010655 0.694915  0.011249 -0.541550  0.031151 1.035791   0.045724  0.146924 0.016358  0.231753  0.017763 5.851465   0.008706 4.937077 0.013261 0.672856  0.010210 2.689985  0.030627 1.194241 0.024706 1.810113 0.029103 0.630688 0.027075 2.018056 0.018528 0.554469 0.027148 1.122857  0.018339 1.246165  0.021326 0.721864  0.024105 0.736233 0.093022 0.438220  0.021692 0.496765  0.020395 1.432115 0.035656 1.154551 0.026309 0.521117  0.024836 0.222544  0.019113 3.232837 0.039706  3.463478    0.045606 -0.024904 0.047201 0.766216  0.022475 4.105326  0.035487     3.069191       0.021756 2.350160 0.117575    0.801082 1.184511
Mbi1.30Zp0.06T00.0500_iTp0.00_baseFe_linear_FWHM_2.51  0.05 0.06  2.51 0.0 -1.489297  0.055658 0.584857  0.032325 0.211497  0.013031 0.153711  0.014079 0.333716  0.013108 0.668088  0.012192  8.174361  0.039163  2.038267  0.046477 3.332968 0.010108  1.840830  0.040401  4.632820    0.018166 -2.540949   0.016607 -0.934666  0.017630  4.202263  0.025124  9.074898   0.035634 1.595347   0.010433  8.976467 0.021241 6.297718   0.006633 1.027883  0.000311 -1.692675  0.044933 -0.124689  0.009433 -0.365255  0.007823 -0.571922  0.014874 -0.347908  0.013791  6.147969 0.018242  5.188457 0.014347  -8.344972   0.034600 -3.836889 0.015031 -1.510220 0.016673 0.219627  0.008029 -0.139500 0.028688  5.520315 0.025424 -0.047237  0.015947  5.083963 0.012948      0.631820        0.010762      1.144576        0.011522      1.880880        0.011865      2.181194        0.009308  0.671215  0.036666 0.652973  0.014052 0.586519  0.013630 1.191721  0.024773 0.744785  0.017003  0.623181    0.010263 0.701038  0.016408 -0.510825  0.055487 1.095608   0.037505  0.013560 0.019562  0.155288  0.019754 6.119299   0.016776 5.098342 0.023821 0.646895  0.014978 2.658631  0.055290 1.319337 0.025845 1.954024 0.035468 0.641511 0.031542 2.103689 0.029538 0.564258 0.027440 1.152123  0.033970 1.291665  0.042884 0.751347  0.034557 0.637464 0.085010 0.472902  0.019294 0.509373  0.023737 1.452027 0.030632 1.008458 0.037525 0.524349  0.019504 0.220254  0.012681 2.764967 0.069533  2.980368    0.056475  0.003895 0.055008 0.766447  0.025696 4.244076  0.024261     3.122988       0.030737 1.580860 0.113376    0.819842 1.221894
Mbi1.30Zp0.06T00.0600_iTp0.00_baseFe_linear_FWHM_2.51  0.06 0.06  2.51 0.0 -1.401299  0.058071 0.634686  0.029540 0.223359  0.023862 0.168257  0.009943 0.342052  0.015178 0.705055  0.018059  8.515251  0.063466  2.503864  0.044967 3.425671 0.008863  2.048534  0.060501  4.675693    0.028124 -2.418763   0.031535 -0.872945  0.028030  4.349943  0.055031  9.412024   0.043397 1.567116   0.013802  9.350102 0.029007 6.524657   0.010031 1.037898  0.000412 -1.795296  0.035654 -0.140937  0.010863 -0.373119  0.007143 -0.587033  0.015798 -0.381094  0.013633  6.322080 0.020825  5.322399 0.016693  -8.541064   0.041445 -3.949472 0.017165 -1.614882 0.020141 0.230621  0.013017 -0.096690 0.023343  5.605830 0.025908 -0.021114  0.018239  5.162527 0.008426      0.644569        0.015317      1.162311        0.014656      1.906186        0.014483      2.213007        0.014010  0.703939  0.042033 0.708910  0.023975 0.604107  0.017476 1.252933  0.032591 0.793317  0.021432  0.639287    0.015996 0.741844  0.011314 -0.288207  0.069415 1.300385   0.069920 -0.032017 0.027932  0.133763  0.019621 6.211217   0.026708 5.144968 0.028473 0.664964  0.015676 2.826962  0.075025 1.424005 0.027608 2.097773 0.046771 0.665584 0.043864 2.207799 0.031984 0.599445 0.033254 1.225473  0.028166 1.369385  0.043734 0.812331  0.040082 0.646149 0.127976 0.524934  0.027721 0.519666  0.022874 1.455423 0.039018 0.928854 0.048302 0.555698  0.030982 0.221126  0.019973 2.493656 0.062223  2.708663    0.079875  0.022809 0.057710 0.792922  0.039986 4.175765  0.034159     3.076089       0.031638 1.538762 0.184557    0.871067 1.297429
Mbi1.30Zp0.06T00.0700_iTp0.00_baseFe_linear_FWHM_2.51  0.07 0.06  2.51 0.0 -1.444675  0.042020 0.622942  0.026480 0.209147  0.014407 0.157941  0.018013 0.302202  0.028163 0.702516  0.022302  8.809389  0.059830  2.585281  0.044593 3.504839 0.014349  2.271130  0.059676  4.735476    0.017577 -2.468929   0.028106 -0.898276  0.029527  4.305729  0.062814  9.301628   0.025812 1.370895   0.010331  9.396331 0.024789 6.665589   0.007247 1.038949  0.000569 -2.055027  0.030266 -0.171201  0.015111 -0.396011  0.008471 -0.651296  0.009736 -0.468882  0.007189  6.727379 0.016339  5.584347 0.017990  -9.162267   0.053327 -4.264193 0.021879 -1.873095 0.024619 0.215628  0.015750 -0.256872 0.021892  5.996955 0.030518 -0.007675  0.016448  5.316067 0.014605      0.656409        0.012189      1.178862        0.013664      1.929620        0.016765      2.242426        0.018178  0.530538  0.062772 0.644722  0.027441 0.559116  0.024636 1.189193  0.016778 0.771882  0.017333  0.607743    0.014932 0.713705  0.020331 -0.276875  0.076784 1.326510   0.054924 -0.157846 0.038808  0.059898  0.032782 6.424061   0.033714 5.249821 0.034511 0.627999  0.013498 2.669646  0.047122 1.467115 0.040184 2.149870 0.049183 0.712594 0.028786 2.263196 0.023301 0.649352 0.042133 1.216220  0.039776 1.360187  0.037437 0.819742  0.035080 0.642714 0.163423 0.526982  0.036885 0.530836  0.034023 1.452743 0.027120 0.914367 0.060663 0.544012  0.032617 0.214702  0.016163 2.280418 0.078297  2.486848    0.071776  0.035237 0.060138 0.766842  0.035482 4.270466  0.040731     3.114427       0.032094 1.470377 0.111399    0.903289 1.288203
Mbi1.30Zp0.06T00.0800_iTp0.00_baseFe_linear_FWHM_2.51  0.08 0.06  2.51 0.0 -1.482367  0.056539 0.613756  0.027597 0.190890  0.027769 0.151103  0.014620 0.293971  0.023878 0.705939  0.029717  9.150285  0.101923  2.710773  0.070890 3.600247 0.008971  2.589174  0.063535  4.842390    0.021494 -2.516504   0.024776 -0.920582  0.034788  4.114784  0.043544  9.193905   0.043652 1.223882   0.010596  9.512608 0.029698 6.815667   0.009771 1.040971  0.000516 -2.314304  0.063264 -0.203052  0.014777 -0.418727  0.011824 -0.713826  0.016612 -0.559870  0.015943  7.121143 0.014997  5.865667 0.013724  -9.729723   0.048960 -4.547667 0.023632 -2.094630 0.032855 0.201321  0.020739 -0.415467 0.028369  6.373517 0.029500 -0.005594  0.013905  5.505908 0.015179      0.677361        0.013470      1.209150        0.015131      1.972929        0.015873      2.292339        0.015151  0.408695  0.060844 0.569788  0.011469 0.511714  0.028949 1.111143  0.043333 0.731955  0.011485  0.571246    0.024922 0.670331  0.028793 -0.251563  0.053622 1.305775   0.070232 -0.265981 0.033661 -0.007301  0.038632 6.644088   0.045686 5.399375 0.036519 0.597163  0.007443 2.483178  0.060991 1.462242 0.058981 2.152838 0.070329 0.744511 0.041121 2.268776 0.025307 0.697079 0.024856 1.186400  0.044123 1.322156  0.034644 0.804719  0.040509 0.606590 0.145035 0.529364  0.036631 0.526109  0.028922 1.402452 0.060604 0.863982 0.073031 0.521713  0.033070 0.202208  0.030278 2.024930 0.034826  2.217494    0.049892  0.032746 0.059881 0.723952  0.034682 4.363607  0.054756     3.158700       0.033906 1.326706 0.155991    0.923857 1.254278
Mbi1.30Zp0.06T00.0900_iTp0.00_baseFe_linear_FWHM_2.51  0.09 0.06  2.51 0.0 -1.491948  0.081262 0.615327  0.048542 0.180635  0.033726 0.152775  0.019572 0.306283  0.028813 0.719540  0.015560  9.403133  0.069082  2.728882  0.107498 3.674732 0.015972  2.770236  0.077616  4.882929    0.031452 -2.594747   0.045210 -0.956658  0.036446  4.023925  0.068965  9.279875   0.041023 1.179234   0.012860  9.793180 0.045516 6.964884   0.016201 1.043207  0.000503 -2.483836  0.054225 -0.221339  0.017841 -0.431835  0.011633 -0.754425  0.016069 -0.625013  0.019002  7.434555 0.009791  6.105436 0.016012 -10.252414   0.034258 -4.801878 0.015891 -2.288751 0.034164 0.195412  0.018025 -0.522294 0.029577  6.699209 0.012451 -0.010725  0.009514  5.727025 0.014309      0.716372        0.019372      1.263939        0.019468      2.049142        0.015886      2.376668        0.017573  0.361751  0.045961 0.512157  0.021097 0.473345  0.031248 1.056861  0.039826 0.698803  0.019825  0.547939    0.014679 0.650073  0.021172 -0.251726  0.067680 1.255334   0.048278 -0.287230 0.040227 -0.011421  0.035849 6.847285   0.023356 5.577147 0.023314 0.573971  0.019837 2.337835  0.075319 1.461047 0.033547 2.135986 0.083877 0.767452 0.039653 2.253397 0.042544 0.733809 0.027220 1.163718  0.034861 1.301609  0.066555 0.801604  0.053307 0.595970 0.135434 0.523489  0.032105 0.525478  0.059630 1.393540 0.071730 0.859082 0.080689 0.505151  0.027220 0.193375  0.031574 2.025495 0.101628  2.205792    0.092778  0.022798 0.107396 0.694651  0.051778 4.442037  0.021659     3.196832       0.026934 1.326813 0.151113    0.939297 1.232663
Mbi1.30Zp0.06T00.1000_iTp0.00_baseFe_linear_FWHM_2.51  0.10 0.06  2.51 0.0 -1.569294  0.094380 0.595366  0.033205 0.168302  0.027029 0.144010  0.022161 0.302724  0.031160 0.728294  0.021752  9.590684  0.089376  2.581406  0.091143 3.742135 0.017080  2.812835  0.065308  4.925750    0.030433 -2.777877   0.039838 -1.059645  0.038769  3.904785  0.071947  9.322563   0.067603 1.121771   0.027299 10.011528 0.061858 7.101190   0.023762 1.041847  0.000581 -2.694233  0.044523 -0.236409  0.018771 -0.453413  0.014252 -0.818594  0.014306 -0.699097  0.016082  7.770546 0.018315  6.353458 0.012438 -10.853277   0.069379 -5.084142 0.030808 -2.511371 0.037591 0.189341  0.011360 -0.666934 0.029147  7.083710 0.027264 -0.036936  0.014133  5.990560 0.020363      0.742122        0.026778      1.310074        0.026724      2.123466        0.028058      2.462538        0.029363  0.307959  0.059583 0.438942  0.031466 0.437107  0.021951 0.987387  0.049910 0.654648  0.018506  0.517895    0.019865 0.613531  0.025977 -0.330161  0.095304 1.155944   0.071934 -0.297885 0.041298 -0.010330  0.037728 7.094083   0.040951 5.805731 0.035569 0.547538  0.018092 2.164130  0.082223 1.451073 0.058914 2.106664 0.054846 0.775893 0.050978 2.210944 0.045879 0.742990 0.031250 1.112521  0.055885 1.256032  0.049319 0.772475  0.042400 0.574968 0.177308 0.500607  0.031168 0.510147  0.044256 1.369641 0.070851 0.836895 0.052251 0.478400  0.051496 0.183534  0.022845 1.968343 0.125956  2.133487    0.134770  0.017628 0.063120 0.662295  0.054209 4.568659  0.065042     3.263899       0.050574 1.328710 0.171679    0.925445 1.184276
Mbi1.30Zp0.06T00.1500_iTp0.00_baseFe_linear_FWHM_2.51  0.15 0.06  2.51 0.0 -1.344024  0.082706 0.688491  0.079596 0.212082  0.053592 0.186482  0.019953 0.409205  0.033856 0.812945  0.027930 10.527284  0.162678  2.193866  0.114741 3.966893 0.024232  3.161928  0.106274  5.151345    0.038620 -3.267270   0.046311 -1.356158  0.055451  4.690986  0.093050 10.017340   0.087473 1.193304   0.027226 11.079523 0.062406 7.628941   0.015507 1.056638  0.000699 -3.063154  0.101346 -0.258561  0.020356 -0.474468  0.015048 -0.926146  0.034107 -0.830332  0.034110  8.708617 0.029525  6.983839 0.020328 -12.662210   0.058795 -5.996839 0.025522 -3.234858 0.041050 0.158346  0.024715 -0.852804 0.049560  8.087138 0.051348 -0.062823  0.031280  6.611415 0.036655      0.863858        0.034510      1.482084        0.032573      2.360905        0.032796      2.725165        0.033557 -0.029992  0.093351 0.292757  0.017339 0.267214  0.020730 0.937892  0.056444 0.600751  0.029621  0.499082    0.031411 0.543404  0.037618 -0.865281  0.079941 0.821459   0.090292 -0.444680 0.059593 -0.110816  0.047508 7.830756   0.039622 6.418049 0.033958 0.438382  0.028840 1.855622  0.101776 1.263994 0.074549 1.852458 0.100260 0.795499 0.055494 2.042705 0.055286 0.752383 0.029884 0.959725  0.054910 1.100524  0.077495 0.683329  0.078243 0.565465 0.218538 0.445504  0.087107 0.446745  0.042429 1.244893 0.080009 0.670022 0.083434 0.417257  0.077843 0.151971  0.030611 1.423111 0.160448  1.543896    0.154889  0.013417 0.142171 0.574950  0.048507 5.120220  0.074444     3.576981       0.069710 1.222942 0.228807    0.867031 1.030124
Mbi1.30Zp0.06T00.2000_iTp0.00_baseFe_linear_FWHM_2.51  0.20 0.06  2.51 0.0 -1.029323  0.157977 0.801594  0.056452 0.272289  0.056832 0.229891  0.031113 0.466526  0.064013 0.896040  0.048278 11.368946  0.118739  2.693602  0.132412 4.121612 0.036196  4.093526  0.065507  5.448860    0.044209 -3.360134   0.076852 -1.403158  0.062603  5.232641  0.075306 10.939699   0.075511 1.413128   0.037881 12.337559 0.063918 8.168532   0.020580 1.077818  0.000724 -3.405734  0.100143 -0.285531  0.025923 -0.510047  0.025903 -1.033113  0.030089 -0.909363  0.029724  9.420812 0.034554  7.428485 0.023502 -13.957056   0.079551 -6.633919 0.029872 -3.744220 0.050264 0.173244  0.020429 -1.036422 0.060203  8.844646 0.057197 -0.065377  0.032813  7.046217 0.030038      0.967760        0.046234      1.617664        0.043302      2.536819        0.035699      2.919649        0.033542 -0.249752  0.078982 0.244563  0.030752 0.211913  0.042526 0.963656  0.054320 0.607707  0.033207  0.496586    0.031167 0.534629  0.034326 -0.937960  0.088998 0.809856   0.077529 -0.566055 0.050026 -0.173540  0.058445 8.425062   0.040810 6.844504 0.048150 0.415840  0.026652 1.822117  0.192522 1.118476 0.063880 1.721963 0.101263 0.834402 0.073187 2.000635 0.037645 0.792928 0.071385 0.961501  0.075154 1.066897  0.065378 0.661495  0.056076 0.581800 0.317080 0.412521  0.078994 0.413759  0.046395 1.169088 0.098133 0.613306 0.088146 0.401232  0.064219 0.144990  0.051245 1.212398 0.188848  1.334313    0.166994 -0.008793 0.141873 0.529159  0.080428 5.485171  0.087547     3.774987       0.053714 1.144682 0.207593    0.886454 1.014199
Mbi1.30Zp0.06T00.2500_iTp0.00_baseFe_linear_FWHM_2.51  0.25 0.06  2.51 0.0 -0.695745  0.126365 0.950834  0.083373 0.338092  0.062553 0.293864  0.021376 0.471835  0.069999 0.905528  0.048996 11.638035  0.155456  3.422355  0.173713 4.092572 0.040356  5.099554  0.160459  5.633147    0.053386 -3.250853   0.073532 -1.324519  0.070566  5.724865  0.058078 11.505155   0.059790 1.547965   0.045623 13.081796 0.074869 8.442397   0.021658 1.102636  0.000826 -3.705643  0.119974 -0.292965  0.021811 -0.543878  0.019252 -1.163071  0.041909 -0.968476  0.034470  9.873943 0.035486  7.610124 0.016766 -14.741778   0.132058 -7.045377 0.063669 -4.154858 0.068713 0.188212  0.023604 -1.140251 0.111916  9.254514 0.036942 -0.037931  0.041937  7.239527 0.043085      1.033467        0.045959      1.688836        0.044339      2.614085        0.045526      3.001148        0.052541 -0.334639  0.111265 0.262134  0.037031 0.204853  0.052066 1.058982  0.073835 0.640515  0.038631  0.527009    0.030731 0.529885  0.050996 -1.078456  0.173064 0.801927   0.158334 -0.696828 0.076877 -0.257222  0.060614 8.819759   0.044676 7.065426 0.050170 0.459657  0.046449 1.953184  0.193093 1.053990 0.084786 1.735683 0.096089 0.951718 0.080203 2.168616 0.048470 0.858129 0.065370 1.002259  0.082256 1.110086  0.090095 0.699263  0.083326 0.689657 0.304290 0.392587  0.074823 0.414883  0.049770 1.159446 0.113813 0.609142 0.135979 0.407752  0.068560 0.140620  0.056407 1.126170 0.214349  1.233689    0.233383  0.000273 0.173349 0.519967  0.120144 5.692558  0.131568     3.876100       0.065802 1.052475 0.466068    0.941263 1.056172
Mbi1.30Zp0.06T00.3000_iTp0.00_baseFe_linear_FWHM_2.51  0.30 0.06  2.51 0.0 -0.354384  0.261475 1.100927  0.140211 0.385891  0.033964 0.347967  0.047525 0.533976  0.039256 0.956823  0.058883 12.027599  0.175558  3.899826  0.182861 4.125051 0.055422  5.807587  0.213442  5.783230    0.083350 -3.205761   0.084057 -1.267258  0.085695  6.417883  0.118119 12.248973   0.128707 1.830900   0.031271 13.951043 0.102861 8.719500   0.029722 1.122810  0.000849 -3.836655  0.123242 -0.296061  0.028425 -0.565655  0.014678 -1.228516  0.048826 -0.967167  0.056095 10.220116 0.038733  7.774930 0.033478 -15.371510   0.088566 -7.359358 0.057834 -4.415215 0.104380 0.194752  0.034413 -1.167242 0.074692  9.572618 0.062843 -0.018367  0.049414  7.400964 0.062430      1.112098        0.041007      1.775971        0.038430      2.710794        0.041362      3.101870        0.046210 -0.405144  0.070157 0.275001  0.034115 0.193264  0.040819 1.149657  0.082359 0.685770  0.051505  0.562421    0.055786 0.560022  0.063579 -1.141330  0.162169 0.859572   0.167766 -0.725994 0.076069 -0.259872  0.060370 9.073385   0.084804 7.201898 0.083866 0.460911  0.026586 2.051403  0.187128 0.978461 0.115074 1.712096 0.131080 0.987324 0.083550 2.199709 0.086418 0.893024 0.071510 1.046332  0.040196 1.138843  0.097174 0.701238  0.106504 0.720689 0.356293 0.384730  0.097788 0.408097  0.096623 1.197303 0.097030 0.586048 0.115625 0.421152  0.100906 0.143105  0.073646 1.095712 0.190958  1.183579    0.188312 -0.002778 0.175114 0.522825  0.078900 5.822775  0.121195     3.942803       0.058373 0.989080 0.444011    0.978535 1.092588
Mbi1.30Zp0.06T00.3500_iTp0.00_baseFe_linear_FWHM_2.51  0.35 0.06  2.51 0.0  0.008414  0.197473 1.261736  0.137117 0.449004  0.090700 0.399561  0.074090 0.641083  0.065089 1.054314  0.105105 12.464542  0.297108  4.346123  0.205578 4.140199 0.027103  6.583898  0.217087  5.884769    0.082548 -3.063000   0.100212 -1.093703  0.087782  7.161076  0.115198 13.052998   0.142683 2.327250   0.060305 14.949635 0.108248 8.958035   0.032230 1.141166  0.001541 -3.960641  0.123082 -0.314903  0.016009 -0.616892  0.032266 -1.226363  0.047119 -0.980516  0.056143 10.379450 0.050986  7.826626 0.031881 -15.745933   0.137287 -7.492594 0.080552 -4.565977 0.109561 0.232004  0.032743 -1.027677 0.105466  9.596190 0.091577  0.017878  0.060735  7.409352 0.035613      1.167376        0.048242      1.829394        0.042834      2.760220        0.027462      3.147562        0.030098 -0.308490  0.106281 0.323481  0.043866 0.220470  0.069733 1.280909  0.101502 0.765951  0.055252  0.619944    0.065670 0.629841  0.065486 -1.169793  0.171683 1.014670   0.173311 -0.767485 0.108142 -0.292546  0.082028 9.072079   0.085643 7.160824 0.106767 0.474370  0.038620 2.165239  0.224605 0.791449 0.116751 1.658744 0.137549 0.991699 0.178238 2.089050 0.095882 0.963345 0.112323 1.120411  0.106669 1.172151  0.073802 0.676058  0.104787 0.693340 0.404815 0.399567  0.079850 0.392862  0.120248 1.214633 0.137353 0.571569 0.123778 0.441836  0.117270 0.147769  0.081146 1.065221 0.250099  1.186482    0.183449  0.003856 0.183881 0.531688  0.069198 5.803644  0.180710     3.938803       0.105893 0.937383 0.328344    1.045609 1.146281
Mbi1.30Zp0.06T00.4000_iTp0.00_baseFe_linear_FWHM_2.51  0.40 0.06  2.51 0.0  0.403136  0.129306 1.504547  0.110950 0.534858  0.106182 0.482096  0.070291 0.772820  0.101196 1.081066  0.083565 12.424744  0.277972  4.714092  0.307201 4.115467 0.064861  6.717068  0.141841  5.997738    0.076340 -2.940037   0.088463 -0.963179  0.063469  8.510989  0.120908 13.634981   0.132773 2.698890   0.048510 15.221826 0.117166 8.901817   0.027989 1.167098  0.000743 -3.681105  0.199338 -0.285702  0.049259 -0.591201  0.036136 -1.157275  0.068331 -0.864565  0.053994 10.212335 0.087799  7.566899 0.047661 -15.428410   0.149756 -7.374732 0.076993 -4.503223 0.104291 0.254101  0.048255 -0.808284 0.103139  9.381940 0.075887  0.068337  0.028203  7.209388 0.075670      1.165795        0.077828      1.811639        0.083533      2.720811        0.096660      3.100031        0.088936 -0.287538  0.122216 0.404888  0.046437 0.315507  0.064066 1.445946  0.124965 0.870096  0.021185  0.672816    0.054736 0.717779  0.068483 -1.149592  0.225536 1.106034   0.246084 -0.787239 0.074741 -0.302522  0.103184 8.938585   0.067271 6.973005 0.061904 0.518145  0.049520 2.408805  0.224338 0.637064 0.104617 1.585928 0.150625 1.020555 0.164659 2.137014 0.150988 1.003737 0.160096 1.242175  0.110552 1.231566  0.110472 0.731569  0.119673 0.741830 0.279185 0.416424  0.088192 0.426684  0.087735 1.248951 0.171483 0.536724 0.139994 0.465962  0.080027 0.156152  0.042660 1.014746 0.194182  1.091615    0.256928 -0.026729 0.304035 0.557984  0.100553 5.750783  0.151237     3.911141       0.115778 0.957477 0.257398    1.115273 1.236870
Mbi1.30Zp0.06T00.4500_iTp0.00_baseFe_linear_FWHM_2.51  0.45 0.06  2.51 0.0  0.579580  0.350404 1.617025  0.155716 0.587858  0.141104 0.515676  0.098547 0.819918  0.114185 1.103727  0.080098 12.397610  0.459309  5.092664  0.318814 4.052270 0.057719  7.156856  0.287187  6.080864    0.148913 -2.751046   0.146732 -0.778988  0.150511  9.166709  0.171681 14.053885   0.149010 2.931700   0.057924 15.567781 0.131839 8.898268   0.051072 1.185183  0.001239 -3.610658  0.242709 -0.263896  0.039121 -0.594956  0.039741 -1.141818  0.063007 -0.821177  0.073033 10.123044 0.082629  7.406558 0.043016 -15.281251   0.208087 -7.283487 0.114195 -4.495049 0.132418 0.274882  0.045427 -0.689805 0.094949  9.216757 0.063493  0.113397  0.037030  7.046304 0.048110      1.147101        0.064388      1.777303        0.059758      2.665545        0.049701      3.036135        0.033794 -0.278230  0.143469 0.450205  0.054327 0.341513  0.055491 1.537708  0.111004 0.919742  0.065979  0.716260    0.067022 0.745213  0.065284 -1.177252  0.234755 1.178371   0.198709 -0.792607 0.153880 -0.306693  0.154199 8.807250   0.175611 6.813415 0.106378 0.538859  0.064262 2.532968  0.209772 0.583511 0.160989 1.618289 0.175228 1.058052 0.175372 2.205638 0.110534 1.071046 0.130178 1.301691  0.142435 1.285831  0.133216 0.747002  0.124676 0.693473 0.271494 0.433774  0.108450 0.426335  0.115558 1.276542 0.180357 0.497523 0.185486 0.487466  0.178781 0.154395  0.045921 1.017014 0.186332  1.090536    0.210051 -0.016157 0.235007 0.570375  0.133999 5.671810  0.179293     3.860528       0.167902 0.964892 0.532250    1.178734 1.293761
Mbi1.30Zp0.06T00.5000_iTp0.00_baseFe_linear_FWHM_2.51  0.50 0.06  2.51 0.0  0.711754  0.503400 1.723525  0.207503 0.626196  0.143753 0.545529  0.034587 0.863484  0.085208 1.133525  0.081146 12.398765  0.181216  5.098837  0.277865 4.010329 0.080871  6.887290  0.277979  6.051980    0.098724 -2.617999   0.127054 -0.709132  0.160961 10.080544  0.233784 14.800626   0.139466 3.443524   0.046883 15.935137 0.157400 8.848228   0.059089 1.200285  0.001843 -3.115735  0.226214 -0.193935  0.053247 -0.537543  0.061134 -1.007752  0.068354 -0.660628  0.064731  9.657804 0.101605  7.114684 0.063735 -14.395617   0.148085 -6.868220 0.102262 -4.135550 0.148643 0.293286  0.071314 -0.425216 0.111307  8.735647 0.067549  0.145500  0.070954  6.773435 0.058706      1.114817        0.047343      1.729127        0.058242      2.596283        0.071591      2.957404        0.063674 -0.129065  0.143341 0.557986  0.084901 0.374879  0.104635 1.655959  0.201337 0.988525  0.110583  0.763647    0.108765 0.799681  0.104211 -1.067185  0.172069 1.281712   0.217266 -0.683295 0.191135 -0.235456  0.130362 8.551527   0.092167 6.611371 0.070632 0.556776  0.057452 2.717608  0.224119 0.597642 0.070831 1.654184 0.185233 1.098798 0.156090 2.290577 0.128374 1.119603 0.126393 1.377309  0.126274 1.352477  0.125948 0.773337  0.084858 0.649660 0.387861 0.445147  0.091973 0.424123  0.109417 1.323466 0.107061 0.484207 0.170339 0.516204  0.118509 0.161421  0.069314 0.968743 0.175063  1.035883    0.215149 -0.012526 0.347216 0.591357  0.137257 5.521513  0.212403     3.794264       0.135453 0.999050 0.576137    1.238651 1.364893
Mbi1.30Zp0.06T00.6000_iTp0.00_baseFe_linear_FWHM_2.51  0.60 0.06  2.51 0.0  1.415237  0.544225 1.961376  0.239226 0.759877  0.094708 0.641337  0.067365 0.971718  0.161204 1.171663  0.121904 12.068146  0.316329  5.580501  0.619221 3.849515 0.090158  6.886739  0.211334  6.044892    0.138390 -2.199321   0.220990 -0.398713  0.225239 11.690336  0.181548 15.701090   0.250726 4.254446   0.095612 16.252407 0.158039 8.585978   0.055706 1.238581  0.002295 -2.209234  0.274321 -0.086983  0.050046 -0.424608  0.056254 -0.740328  0.079587 -0.363055  0.081146  8.639911 0.081192  6.348137 0.065863 -12.374361   0.198350 -5.904214 0.102878 -3.392085 0.167860 0.358570  0.089938  0.181308 0.171147  7.593526 0.199747  0.244965  0.106355  6.069860 0.138679      1.017720        0.092440      1.587881        0.094353      2.395858        0.095252      2.730944        0.097131  0.214963  0.197976 0.831295  0.083618 0.507135  0.089803 1.940582  0.133959 1.170662  0.066538  0.872270    0.074746 0.945247  0.081171 -0.773332  0.293515 1.643526   0.257987 -0.590720 0.220955 -0.188279  0.196178 7.921792   0.136808 6.062802 0.101991 0.635891  0.073956 3.192066  0.415188 0.654691 0.198124 1.878134 0.203540 1.144821 0.153259 2.470301 0.131419 1.192742 0.183432 1.584695  0.145477 1.530904  0.172812 0.852925  0.209853 0.672140 0.617115 0.501778  0.095333 0.444447  0.165717 1.394748 0.207430 0.519722 0.213580 0.575954  0.158410 0.179068  0.072719 1.032160 0.257456  1.121815    0.305447 -0.019235 0.263165 0.657174  0.126667 5.195331  0.161539     3.622475       0.147614 0.930446 0.468275    1.368272 1.557800
Mbi1.30Zp0.06T00.7000_iTp0.00_baseFe_linear_FWHM_2.51  0.70 0.06  2.51 0.0  1.909875  0.426944 2.190691  0.192815 0.859032  0.181608 0.731640  0.125767 1.069027  0.172355 1.201593  0.160522 11.978815  0.299440  5.991488  0.536530 3.744735 0.142719  6.470706  0.541529  6.061576    0.166972 -1.797367   0.270298 -0.172586  0.289116 13.525722  0.381433 16.900270   0.301691 5.136644   0.043192 16.668429 0.179423 8.403180   0.121939 1.276452  0.003838 -1.196223  0.287242  0.033670  0.072065 -0.291858  0.073898 -0.445938  0.088267 -0.049557  0.084863  7.633339 0.092932  5.661565 0.077476 -10.493124   0.262705 -5.076245 0.158587 -2.721466 0.191262 0.376700  0.108135  0.714852 0.181296  6.573739 0.152787  0.334041  0.095776  5.466843 0.056006      0.938105        0.106605      1.477409        0.101185      2.243451        0.094554      2.559816        0.100402  0.516887  0.277346 1.047193  0.074378 0.619826  0.116126 2.149424  0.115896 1.304659  0.059065  0.938385    0.112952 1.058639  0.087087 -0.401306  0.378650 1.937137   0.271976 -0.512879 0.206324 -0.159808  0.205106 7.427934   0.236354 5.656107 0.206088 0.707504  0.086651 3.572076  0.286984 0.782492 0.184550 2.056899 0.247331 1.228572 0.177401 2.724084 0.147422 1.265293 0.157588 1.749303  0.220027 1.675934  0.108334 0.943770  0.166696 0.764406 0.786315 0.545554  0.119200 0.488772  0.125713 1.456322 0.262617 0.530882 0.339815 0.619875  0.166563 0.193937  0.091397 1.089240 0.321833  1.160989    0.327550 -0.034836 0.310326 0.701122  0.192433 4.921103  0.125023     3.482248       0.074361 0.945140 0.454358    1.478982 1.712619
Mbi1.30Zp0.06T00.8000_iTp0.00_baseFe_linear_FWHM_2.51  0.80 0.06  2.51 0.0  2.326472  0.320444 2.403459  0.333226 0.934170  0.209487 0.812265  0.127705 1.137295  0.212206 1.211789  0.147216 11.763916  0.385666  6.349409  0.410283 3.643055 0.200689  5.740173  0.476076  6.074680    0.142433 -1.365376   0.276631  0.060539  0.340070 15.382232  0.359625 18.192621   0.294781 6.051211   0.155969 17.113139 0.317669 8.221177   0.111219 1.313144  0.004617 -0.235213  0.257071  0.146436  0.073885 -0.156665  0.063536 -0.159888  0.057578  0.230136  0.134962  6.610221 0.160064  5.024335 0.120577  -8.718649   0.251624 -4.305486 0.202142 -2.084106 0.204287 0.378752  0.061092  1.179645 0.182351  5.580119 0.136887  0.411855  0.067076  4.881627 0.139227      0.876776        0.107103      1.387728        0.129678      2.114299        0.142857      2.412075        0.141063  0.813411  0.374737 1.231747  0.129511 0.714158  0.133614 2.290907  0.237597 1.405923  0.131513  0.966950    0.122561 1.139584  0.100931  0.118394  0.278884 2.219465   0.334499 -0.428129 0.239522 -0.117582  0.256201 6.891415   0.149781 5.241907 0.165080 0.755959  0.043180 3.845277  0.548149 0.871782 0.217178 2.195937 0.286095 1.316030 0.197402 2.936282 0.077484 1.347125 0.269424 1.919105  0.136473 1.825259  0.224662 1.013569  0.214104 0.815854 0.734140 0.595192  0.162510 0.519977  0.168278 1.482083 0.306513 0.524400 0.268386 0.676007  0.222404 0.206733  0.079777 1.139828 0.416540  1.215061    0.403685 -0.034973 0.479990 0.733092  0.225854 4.644353  0.288918     3.343931       0.139797 1.057254 0.565443    1.596833 1.872182
Mbi1.30Zp0.06T00.9000_iTp0.00_baseFe_linear_FWHM_2.51  0.90 0.06  2.51 0.0  2.648445  0.657063 2.657290  0.318473 1.028978  0.130213 0.901391  0.098871 1.238743  0.305994 1.272890  0.218129 11.863828  0.735461  6.677105  0.763576 3.573805 0.132098  5.957563  0.443365  6.162064    0.222273 -0.953905   0.335374  0.458142  0.307217 15.630189  0.702100 18.254833   0.448858 6.436194   0.146537 17.017465 0.327630 8.062553   0.063546 1.329980  0.006185  0.356859  0.336538  0.221788  0.104729 -0.055968  0.103164  0.049902  0.108631  0.353949  0.112137  5.624866 0.148647  4.458989 0.106607  -7.050056   0.365587 -3.430314 0.192381 -1.352466 0.219960 0.477825  0.103564  1.666795 0.166824  4.384861 0.274406  0.490909  0.102997  4.236298 0.210693      0.800358        0.121799      1.282742        0.125512      1.969046        0.137036      2.243536        0.165528  1.282149  0.313517 1.429525  0.185654 0.778851  0.198095 2.449718  0.238506 1.520410  0.108949  1.032831    0.155288 1.200235  0.129274  0.490843  0.399129 2.525550   0.448602 -0.334215 0.262829 -0.066101  0.318893 6.274730   0.216673 4.772177 0.104777 0.810198  0.073042 4.050936  0.439145 1.019250 0.317704 2.457863 0.245751 1.394556 0.263194 3.142615 0.129915 1.464975 0.200572 2.033792  0.172229 1.945066  0.318365 1.050367  0.173487 0.775771 0.811584 0.652161  0.130811 0.517754  0.218004 1.560429 0.338999 0.570560 0.255241 0.722422  0.273150 0.211467  0.096337 1.226357 0.397687  1.316680    0.249800 -0.015793 0.420804 0.768453  0.141870 4.332860  0.293615     3.175432       0.178379 1.042403 0.672495    1.715535 1.989429
Mbi1.30Zp0.06T01.0000_iTp0.00_baseFe_linear_FWHM_2.51  1.00 0.06  2.51 0.0  2.890323  0.935104 2.740750  0.427404 1.124349  0.278910 0.939885  0.138216 1.324647  0.193839 1.336268  0.159762 12.084984  0.393403  6.955082  0.770309 3.503471 0.139466  6.633317  0.582478  6.256206    0.122357 -0.587618   0.402701  0.793741  0.394882 15.149295  0.437424 17.970142   0.330933 6.603316   0.112748 16.892238 0.473087 8.030203   0.148660 1.334273  0.005314  0.732797  0.443525  0.264830  0.131652  0.009249  0.131339  0.222725  0.157888  0.383213  0.125363  4.835760 0.209214  4.040084 0.144963  -5.765536   0.497071 -2.694026 0.261558 -0.738348 0.269883 0.561691  0.129170  2.079796 0.293765  3.297915 0.259730  0.559222  0.152515  3.683924 0.084640      0.719942        0.106313      1.178732        0.110137      1.832101        0.124340      2.083828        0.123542  1.754704  0.430483 1.561554  0.179214 0.816158  0.173079 2.570689  0.325222 1.608753  0.207678  1.093222    0.188426 1.257098  0.169369  0.717256  0.594592 2.721693   0.348146 -0.209814 0.223421  0.028770  0.241598 5.840686   0.211610 4.422597 0.147247 0.852351  0.144617 4.225327  0.375713 1.254673 0.172660 2.724392 0.309903 1.451078 0.326458 3.334185 0.284228 1.574268 0.161530 2.063980  0.281272 1.990880  0.307502 1.078807  0.326113 0.774016 0.789429 0.690429  0.234810 0.525276  0.150287 1.631637 0.347079 0.623091 0.348912 0.724319  0.256692 0.222730  0.135753 1.348744 0.606581  1.424693    0.435136 -0.041872 0.369508 0.794532  0.162750 4.025294  0.285388     3.013243       0.212444 1.029425 0.860326    1.793609 2.027430
Mbi1.30Zp0.06T01.2500_iTp0.00_baseFe_linear_FWHM_2.51  1.25 0.06  2.51 0.0  4.083366  0.800210 3.093587  0.376550 1.295487  0.281961 1.055549  0.240947 1.451893  0.241940 1.387209  0.233685 12.353400  0.698179  9.508516  1.517629 3.407558 0.375143  7.906054  1.309349  6.501330    0.385293  1.269258   0.556370  2.101733  0.543057 16.146516  0.490762 19.165354   0.732177 7.463792   0.133614 17.435433 0.566109 8.061206   0.151379 1.401502  0.012431  2.142469  0.771794  0.425835  0.184380  0.269076  0.149200  0.696475  0.264924  0.695145  0.199475  2.920378 0.317312  2.978268 0.190222  -2.341021   0.549115 -1.000621 0.288388  0.727473 0.332327 0.670174  0.179238  3.038953 0.334623  1.016740 0.335361  0.780062  0.119295  2.415097 0.256592      0.599133        0.174614      1.005786        0.168299      1.584509        0.176500      1.803666        0.172798  2.670227  0.450984 1.909887  0.141276 1.044646  0.261927 2.889359  0.455597 1.853839  0.203324  1.222139    0.237423 1.511807  0.206416  1.969888  0.231507 3.917164   0.454795 -0.077597 0.286891  0.109617  0.163760 4.945531   0.315280 3.669382 0.356438 0.982341  0.157835 4.805240  0.266468 2.221565 0.319663 3.769173 0.260840 1.753702 0.396156 4.158978 0.294228 1.844745 0.274765 2.396081  0.332699 2.323200  0.246300 1.328546  0.359067 0.877019 0.831319 0.848544  0.262146 0.680469  0.204161 1.957352 0.331572 0.797390 0.417071 0.822008  0.437724 0.273155  0.155041 1.943006 0.524780  2.097230    0.545299  0.030120 0.519034 0.897184  0.168064 3.412350  0.242171     2.649323       0.158334 0.905287 0.451021    2.093445 2.359641
Mbi1.30Zp0.06T01.5000_iTp0.00_baseFe_linear_FWHM_2.51  1.50 0.06  2.51 0.0  4.385706  1.118923 3.264894  0.564769 1.358559  0.318937 1.103391  0.292401 1.489334  0.364892 1.438480  0.392475 12.674062  1.703052  9.730321  0.995899 3.340770 0.328160  7.983313  1.509692  6.835042    0.440880  1.636957   0.747121  2.467430  0.786938 17.495810  0.729230 20.077796   0.662847 8.121432   0.268957 17.958472 0.538180 8.121419   0.088857 1.437244  0.005079  2.882210  1.309966  0.507996  0.303058  0.416374  0.250972  0.950847  0.350446  0.848980  0.319418  1.989677 0.430433  2.493260 0.274133  -1.693516   0.635022 -0.710762 0.326150  0.906955 0.407719 0.883924  0.208998  3.416057 0.380306 -0.174061 0.326095  0.881504  0.205671  1.802988 0.189619      0.557759        0.144380      0.941874        0.173280      1.487548        0.175052      1.689957        0.190378  3.212247  0.699312 2.136335  0.141444 1.180262  0.341394 3.040649  0.394795 1.977413  0.197241  1.250058    0.272006 1.626230  0.187699  2.084604  0.882392 4.150680   0.572309  0.125646 0.390154  0.272649  0.314938 4.512969   0.362962 3.286497 0.252901 1.033711  0.135995 5.104192  0.908314 2.594888 0.496446 4.169441 0.441095 2.066540 0.187180 4.854453 0.237122 2.200704 0.230115 2.567683  0.215221 2.544549  0.291535 1.526691  0.343410 1.155825 0.668175 0.893603  0.347307 0.777222  0.212598 2.213412 0.396020 1.235085 0.331897 0.937908  0.381335 0.349601  0.075135 3.567635 0.492612  3.762143    0.562321  0.051508 0.536215 0.979964  0.131892 3.058931  0.383705     2.460604       0.185521 2.629776 0.882228    2.374122 2.556116
Mbi1.30Zp0.06T01.7500_iTp0.00_baseFe_linear_FWHM_2.51  1.75 0.06  2.51 0.0  5.063984  1.660767 3.556904  0.673591 1.436675  0.453438 1.192966  0.327644 1.549285  0.335331 1.486876  0.421088 13.093939  1.232915 10.841306  2.833287 3.346323 0.384604  8.669266  1.549340  7.134334    0.639479  2.345514   0.984607  3.030059  0.756629 17.940839  1.523930 20.598203   1.457731 8.509316   0.308884 18.263680 1.135241 8.216925   0.440508 1.466351  0.013711  3.391987  1.155120  0.562370  0.384278  0.512824  0.166260  1.135721  0.382786  0.956733  0.276063  1.289254 0.363074  2.131752 0.242687  -0.988004   0.616402 -0.371389 0.262268  1.169108 0.514904 0.956304  0.129167  3.809223 0.416873 -0.996062 0.275394  0.971600  0.145073  1.352891 0.247948      0.529817        0.122771      0.898240        0.144547      1.420734        0.198245      1.612551        0.180060  3.506593  0.921758 2.238379  0.264148 1.259631  0.279496 3.135708  0.383133 2.040093  0.309826  1.270274    0.225857 1.681416  0.212014  2.404889  1.000864 4.396386   0.644138  0.163521 0.407627  0.296200  0.368772 4.281985   0.323557 3.095476 0.279034 1.071691  0.107109 5.252776  0.809735 2.693553 0.665387 4.295943 0.799244 2.196232 0.534156 5.048457 0.461656 2.344060 0.470154 2.641809  0.418251 2.616253  0.599624 1.568977  0.315157 1.283946 0.743742 0.899285  0.370226 0.775814  0.345192 2.255735 0.353761 1.283941 0.420578 0.940613  0.295718 0.356284  0.218454 3.761802 0.693417  3.936664    0.424421  0.014013 0.653218 0.991831  0.290668 2.933652  0.468916     2.390177       0.236313 2.915683 0.694853    2.485113 2.629031
Mbi1.30Zp0.06T02.0000_iTp0.00_baseFe_linear_FWHM_2.51  2.00 0.06  2.51 0.0  5.466544  2.119170 3.751829  0.517971 1.503553  0.431383 1.261242  0.459334 1.607803  0.666690 1.537106  0.402056 13.473194  1.264573 12.352668  2.931129 3.345227 0.182302  9.927332  1.989557  7.421855    0.775815  3.423164   0.941255  3.881597  1.189493 18.351476  1.352428 21.147903   1.956642 8.771496   0.395857 18.594567 1.687728 8.343937   0.435442 1.504075  0.015167  3.832231  1.700386  0.618441  0.294786  0.608788  0.286446  1.291030  0.491035  1.038350  0.463205  0.719084 0.355556  1.842278 0.225352  -0.263639   0.748212 -0.037462 0.587706  1.441931 0.837988 1.037017  0.275898  4.167446 0.289839 -1.776846 0.517144  1.060292  0.163100  0.914829 0.324269      0.493156        0.265503      0.846638        0.263451      1.347344        0.301266      1.528277        0.313234  3.808333  1.016617 2.326876  0.407560 1.328099  0.294026 3.214757  0.366522 2.098731  0.332428  1.291117    0.195935 1.735373  0.242261  2.734060  0.942680 4.723198   1.171243  0.226786 0.368383  0.342527  0.286469 4.088627   0.671095 2.915039 0.564525 1.109940  0.279183 5.371948  0.499839 2.924818 0.404853 4.555847 0.667676 2.363364 0.486789 5.354677 0.373737 2.507912 0.445183 2.713928  0.358259 2.699333  0.637287 1.633068  0.509332 1.355439 0.963606 0.926242  0.304019 0.812485  0.238711 2.362690 0.362860 1.392146 0.659787 0.986366  0.388743 0.359660  0.155233 4.023628 0.547252  4.233752    0.324275  0.037870 0.593616 1.016526  0.399271 2.791305  0.339626     2.290267       0.204006 3.169766 0.879594    2.606922 2.706630
Mbi1.30Zp0.06T02.2500_iTp0.00_baseFe_linear_FWHM_2.51  2.25 0.06  2.51 0.0  5.823519  2.178104 3.884109  0.976687 1.564790  0.562172 1.310706  0.610444 1.681856  0.550049 1.575341  0.637605 13.864170  2.536922 13.614338  2.117711 3.343716 0.495713 10.981562  2.638096  7.573538    0.855608  4.373642   0.907319  4.621291  0.932006 18.744250  1.507325 21.666216   1.596590 8.965891   0.336140 18.881717 0.668350 8.463834   0.313268 1.540257  0.019568  4.212489  1.652812  0.659494  0.412226  0.698747  0.268070  1.412955  0.502629  1.122554  0.486717  0.196614 0.609091  1.566233 0.497768   0.392684   1.104788  0.270353 0.460075  1.693925 0.460062 1.098433  0.294112  4.414170 0.665432 -2.386614 0.601867  1.134819  0.311359  0.548540 0.402079      0.455530        0.438991      0.796034        0.426983      1.278116        0.379335      1.450556        0.375276  4.034915  0.971073 2.394711  0.361196 1.375892  0.239169 3.276955  0.642123 2.156985  0.342112  1.313576    0.379475 1.788362  0.488889  2.919590  1.490583 4.900504   1.181296  0.258888 0.583207  0.366207  0.608052 3.909949   0.349146 2.742503 0.317345 1.139554  0.159930 5.460769  1.078223 3.089334 0.564727 4.738846 0.370821 2.477727 0.803609 5.582405 0.389113 2.623056 0.705456 2.777046  0.619280 2.760473  0.491732 1.686071  0.358632 1.344708 1.087633 0.953870  0.282860 0.839072  0.307110 2.456723 0.686585 1.407258 0.655688 1.024926  0.267281 0.362127  0.273136 4.083731 0.888970  4.319159    0.683149  0.094472 0.870024 1.026662  0.297528 2.666116  0.366871     2.204419       0.188896 3.270990 0.951401    2.696697 2.768759
Mbi1.30Zp0.06T02.5000_iTp0.00_baseFe_linear_FWHM_2.51  2.50 0.06  2.51 0.0  6.315465  2.275342 4.061089  0.721252 1.631408  0.693196 1.373975  0.538261 1.758101  0.777131 1.620171  0.331512 14.401451  1.555716 14.906557  3.057741 3.360318 0.657697 11.994604  3.911146  7.781763    0.960196  5.168104   1.221351  5.243539  1.079357 18.877277  1.592835 22.018950   1.274740 9.131821   0.621228 19.081408 1.527566 8.549945   0.413789 1.575603  0.034536  4.586279  1.602891  0.713560  0.649827  0.785423  0.400185  1.537040  0.582187  1.196761  0.559018 -0.260442 0.668265  1.346839 0.642893   0.959749   1.159810  0.543410 0.776126  1.937112 0.897144 1.165646  0.334263  4.663182 0.663090 -2.970440 0.570973  1.216783  0.303425  0.197894 0.589674      0.427827        0.276528      0.757418        0.216868      1.223396        0.206393      1.387834        0.228371  4.292927  0.933537 2.448496  0.362380 1.430895  0.354793 3.333330  0.670287 2.206946  0.544436  1.332219    0.359441 1.836568  0.428610  3.122377  0.949437 5.125441   1.370992  0.299689 0.710821  0.394918  0.560847 3.761021   0.446308 2.598809 0.572011 1.171071  0.197333 5.547147  1.555971 3.318671 0.888066 4.986170 0.862198 2.622516 0.618225 5.872884 0.450711 2.769453 0.606862 2.869185  0.786503 2.835725  0.480219 1.749393  0.433219 1.360769 1.872531 0.975138  0.585708 0.864085  0.393475 2.552429 0.611919 1.444838 0.824141 1.050547  0.494073 0.374823  0.228655 4.254554 0.954788  4.494499    0.909595  0.112069 1.390455 1.043559  0.564611 2.555406  0.518455     2.130238       0.476746 3.442877 2.486593    2.814272 2.852455
Mbi1.30Zp0.06T02.7500_iTp0.00_baseFe_linear_FWHM_2.51  2.75 0.06  2.51 0.0  6.597694  3.202231 4.161417  0.930447 1.665919  0.832862 1.408909  0.747190 1.806645  0.701540 1.661682  1.048080 14.773477  3.071656 15.633404  2.325687 3.374652 0.818975 12.543244  2.486990  7.901280    0.875206  5.593730   0.770748  5.574002  0.970961 18.981850  0.866647 22.225326   1.627293 9.210280   0.486201 19.201947 1.259758 8.597868   0.601787 1.596130  0.036102  4.792115  1.657764  0.743609  0.457153  0.831538  0.427422  1.608429  0.551796  1.233055  0.464617 -0.489892 1.284779  1.242055 0.919154   1.168775   1.585867  0.649981 0.905886  2.030923 1.074540 1.216219  0.622292  4.784932 0.676643 -3.257248 1.108492  1.258838  0.361125  0.029035 0.641410      0.413012        0.436923      0.737861        0.481112      1.196788        0.468531      1.357547        0.392441  4.427418  1.119746 2.485997  0.569570 1.464588  0.334903 3.378292  0.914643 2.237104  0.480249  1.345601    0.349110 1.862719  0.530754  3.263259  1.029624 5.250971   1.278209  0.341596 0.490630  0.432744  0.560794 3.714785   0.459226 2.540991 0.496633 1.188739  0.096774 5.610270  1.589047 3.438299 0.714145 5.111661 0.921704 2.713776 0.563210 6.050033 0.439178 2.869125 0.544957 2.921083  0.504067 2.876546  0.878894 1.785093  0.765209 1.389631 1.651361 0.992475  0.610717 0.874822  0.427549 2.618580 0.692939 1.498159 0.658395 1.071152  0.429775 0.378950  0.279823 4.420484 0.872105  4.673671    0.980607  0.127444 0.514220 1.055284  0.490273 2.495924  0.745961     2.098999       0.340109 3.737329 1.000439    2.888802 2.898815
Mbi1.30Zp0.06T03.0000_iTp0.00_baseFe_linear_FWHM_2.51  3.00 0.06  2.51 0.0  6.731997  2.480314 4.254834  1.247936 1.692468  0.801721 1.435350  0.524102 1.837537  0.943585 1.676309  0.609914 14.990730  2.362476 16.092240  2.850619 3.371134 1.078683 13.169705  3.419150  8.067769    1.092138  5.982800   1.393157  5.920557  0.922088 19.019487  2.747062 22.300201   1.704238 9.274454   0.576147 19.252348 2.140918 8.629084   0.743517 1.606916  0.036607  4.876562  1.749465  0.752224  0.352365  0.856435  0.424607  1.640228  0.738658  1.242278  0.464962 -0.577755 0.762781  1.205968 0.734586   0.930530   1.146214  0.528896 0.990215  1.890613 1.504699 1.237757  0.555947  4.861007 0.891908 -3.371609 1.045070  1.281387  0.361296 -0.054743 0.569284      0.408577        0.469023      0.731233        0.504493      1.186687        0.540859      1.344234        0.594129  4.439053  1.350131 2.476077  0.522425 1.449345  0.640898 3.366487  0.979073 2.227474  0.628090  1.331023    0.526618 1.829441  0.603502  3.291192  1.886999 5.171378   1.340250  0.318186 0.966577  0.413679  0.825395 3.678230   0.770500 2.520093 0.697832 1.194380  0.183731 5.540175  1.813119 3.421027 0.814625 5.084650 1.109631 2.777289 1.183434 6.087672 1.119743 2.927067 1.084960 2.900377  0.721430 2.849837  0.760116 1.768125  0.795251 1.378534 2.251911 0.981261  0.480571 0.856031  0.699242 2.626136 0.755621 1.451133 0.815527 1.071920  0.505086 0.372033  0.358163 4.212362 1.107320  4.460086    1.513164  0.141482 0.911753 1.037707  0.458806 2.501557  0.443570     2.103023       0.411276 3.686798 1.781795    2.906575 2.875107
Mbi1.30Zp0.06T03.2500_iTp0.00_baseFe_linear_FWHM_2.51  3.25 0.06  2.51 0.0  7.040645  2.706904 4.377696  1.432615 1.725874  1.012500 1.471811  0.644294 1.891257  0.590601 1.709123  0.986737 15.374647  1.988526 16.955624  5.326411 3.377727 0.646713 13.927243  3.190579  8.207116    1.246499  6.563639   1.320333  6.370570  1.301001 19.164722  2.355977 22.554722   3.834084 9.362292   0.846888 19.404020 3.293338 8.690007   0.888840 1.633421  0.039695  5.103592  2.019888  0.785445  0.537251  0.910437  0.512284  1.713999  0.692093  1.283093  0.494286 -0.835979 1.154325  1.088907 0.688581   1.209998   1.286388  0.661559 0.738755  2.008486 1.018329 1.280297  0.356867  4.988259 0.699788 -3.676438 1.084198  1.325366  0.517364 -0.238340 0.703264      0.395260        0.458967      0.711964        0.454975      1.158453        0.477562      1.311848        0.453683  4.574940  1.714321 2.510856  0.876867 1.480189  0.490215 3.405592  0.922215 2.256635  0.409045  1.345629    0.339895 1.856721  0.402355  3.379417  1.574708 5.278797   1.219224  0.334208 0.792592  0.426305  0.810612 3.615261   0.593789 2.453510 0.562358 1.214779  0.190162 5.598853  1.026057 3.531252 0.984795 5.206985 1.169061 2.861284 0.854785 6.251704 0.525072 3.013317 0.694582 2.946186  0.844573 2.888592  0.545364 1.800254  0.744376 1.394260 2.625228 0.995232  0.668491 0.869533  0.486305 2.682455 0.479156 1.463516 0.991875 1.085372  0.547104 0.376360  0.389473 4.252767 1.120783  4.497311    1.060558  0.152428 0.837408 1.042673  0.503417 2.449139  0.842984     2.069130       0.503942 3.782964 1.227282    2.971397 2.917389
Mbi1.30Zp0.06T03.5000_iTp0.00_baseFe_linear_FWHM_2.51  3.50 0.06  2.51 0.0  7.270728  3.949490 4.489752  2.537218 1.769205  1.216573 1.512621  0.572930 1.935353  0.933745 1.734975  1.095197 15.662974  3.021548 17.677066  3.457970 3.406709 0.576543 14.572827  5.290166  8.348310    1.817937  7.059749   1.869949  6.777320  1.985975 19.312433  3.348788 22.740145   2.711443 9.431332   0.685220 19.508788 2.056791 8.746652   0.537266 1.655388  0.061018  5.286460  2.326817  0.811227  0.409220  0.950818  0.466290  1.778318  0.658434  1.315711  0.732239 -1.057885 1.160898  0.990296 0.613117   1.465592   1.252687  0.783177 0.648554  2.112155 0.869257 1.317559  0.339869  5.080802 0.877758 -3.934781 0.929455  1.357001  0.563381 -0.379386 0.546677      0.386366        0.338775      0.699570        0.357100      1.140889        0.431435      1.291275        0.393503  4.709256  1.837097 2.548808  0.404469 1.508150  0.815954 3.443489  0.509150 2.287155  0.696700  1.353812    0.460977 1.875351  0.602481  3.461319  1.585317 5.387991   1.546504  0.328888 0.503555  0.418878  0.406813 3.563158   0.676175 2.401546 0.587743 1.235389  0.284225 5.642514  0.776611 3.663016 0.898339 5.355274 0.894784 2.926921 0.780763 6.379235 0.678283 3.074721 0.833237 2.981200  0.783822 2.927119  0.822098 1.831276  0.918311 1.426141 1.644794 1.009969  0.689556 0.882649  0.518010 2.726547 0.720191 1.478140 1.069768 1.102507  0.508804 0.380688  0.498335 4.273453 1.060786  4.524622    1.070155  0.167122 1.082508 1.050476  0.295838 2.412710  0.615906     2.041995       0.418199 3.754222 1.402118    3.019901 2.954160
Mbi1.30Zp0.06T03.7500_iTp0.00_baseFe_linear_FWHM_2.51  3.75 0.06  2.51 0.0  7.468357  3.229006 4.567935  1.642664 1.804428  1.399486 1.548072  1.092059 1.967836  0.983186 1.752317  0.920972 15.877515  3.735848 18.303199  5.161144 3.425455 0.817762 15.138292  3.139305  8.459039    1.126260  7.491058   2.062743  7.126846  1.923131 19.394650  2.569172 22.882135   3.226047 9.476519   0.383139 19.580378 1.920453 8.789257   0.620743 1.673830  0.028171  5.448193  2.502577  0.837608  0.563394  0.985493  0.604149  1.832459  0.855426  1.344484  0.676698 -1.249601 0.878711  0.900815 0.706435   1.704979   1.833107  0.898332 0.876105  2.212414 0.892874 1.348075  0.751762  5.158479 0.989006 -4.150884 1.491579  1.383805  0.271497 -0.500845 1.011932      0.378084        0.592467      0.688087        0.676151      1.124670        0.716763      1.272520        0.797761  4.819389  1.909917 2.583930  0.512531 1.533849  0.581552 3.475229  0.959353 2.314170  0.745571  1.360239    0.549697 1.892770  0.812590  3.517768  1.522902 5.472534   0.993789  0.333512 1.016494  0.421845  1.083977 3.518990   0.701579 2.356654 0.784774 1.253107  0.432587 5.687194  1.992265 3.760661 0.924780 5.466673 1.163480 2.986612 0.757323 6.486344 0.532437 3.130658 0.707753 3.012570  0.830133 2.963165  0.949725 1.858708  0.943384 1.438067 2.711380 1.022688  0.346980 0.893513  0.855515 2.774288 1.237424 1.485827 1.193311 1.118559  0.512302 0.383960  0.403681 4.274744 0.963746  4.534951    0.984270  0.179220 1.115317 1.058428  0.254514 2.379305  1.028291     2.020006       0.585272 3.782657 1.781336    3.063987 2.987868
Mbi1.30Zp0.06T04.0000_iTp0.00_baseFe_linear_FWHM_2.51  4.00 0.06  2.51 0.0  7.630415  4.135130 4.629257  2.123921 1.832383  1.392163 1.576028  0.677886 2.000988  1.149772 1.769853  1.253319 16.085550  4.259962 18.774676  4.945311 3.442962 1.362652 15.560198  4.472896  8.548768    1.327468  7.784857   2.089510  7.370603  1.909579 19.422416  2.989822 22.963767   2.741024 9.496322   0.792077 19.613288 2.399911 8.813174   0.854848 1.688164  0.053716  5.586804  1.703573  0.862347  0.716731  1.016487  0.536025  1.878240  0.658670  1.369210  0.641835 -1.405763 1.341793  0.831779 1.058199   1.885224   1.908796  0.984281 1.077220  2.290313 0.989814 1.378856  0.761484  5.206843 0.984503 -4.322067 1.266020  1.405900  0.452498 -0.599419 0.743717      0.370832        0.370626      0.678139        0.413830      1.110724        0.459894      1.256230        0.495027  4.917065  1.584955 2.609898  0.530304 1.553816  1.139075 3.497174  1.160968 2.334715  0.471648  1.362547    0.597502 1.903047  1.073137  3.542225  2.504942 5.529154   1.369436  0.347861 1.107112  0.431982  1.320571 3.479749   1.129566 2.316494 0.919047 1.267934  0.421030 5.715914  1.210838 3.857187 0.786829 5.571484 1.156046 3.050126 1.039939 6.600390 0.688774 3.194558 0.719890 3.044219  1.142017 2.993378  0.650769 1.886236  0.770482 1.451617 3.009514 1.032234  0.725122 0.903265  0.608800 2.809722 0.801592 1.495613 1.401538 1.133203  0.666963 0.387265  0.207111 4.331272 1.375542  4.596456    1.254026  0.191741 0.770309 1.065253  0.658967 2.334603  1.002917     1.994193       0.327509 3.916869 1.563816    3.111182 3.018798
Mbi1.30Zp0.06T04.5000_iTp0.00_baseFe_linear_FWHM_2.51  4.50 0.06  2.51 0.0  7.948303  4.035535 4.740297  1.612903 1.862146  2.272686 1.615717  1.051039 2.029539  0.882013 1.812835  1.168077 16.498152  3.913104 19.482085  4.278567 3.445637 1.101473 16.091255  4.459543  8.672616    2.952876  8.077982   2.094769  7.586635  2.026379 19.129565  3.009289 22.930405   2.597917 9.502417   0.839701 19.580963 2.265385 8.797743   0.897570 1.703503  0.055558  5.827882  2.008564  0.907556  0.673834  1.072625  0.573951  1.952596  0.902132  1.406798  0.803752 -1.656283 1.236886  0.735191 0.815784   2.161065   3.234708  1.112175 1.344461  2.403099 1.559243 1.423889  0.664284  5.263598 1.250763 -4.519215 1.664398  1.439777  0.745423 -0.725896 1.178892      0.355932        1.069031      0.660102        1.130367      1.088248        1.243524      1.231017        1.175356  5.020926  1.855765 2.647269  0.516349 1.574088  0.648104 3.523234  1.219463 2.360338  0.521442  1.366623    0.612133 1.915292  0.594418  3.742505  1.472811 5.639856   2.150290  0.390737 1.283029  0.474145  1.138096 3.439621   0.793804 2.263140 0.909034 1.286241  0.311858 5.730035  1.088401 3.998974 0.983776 5.715139 0.901618 3.134612 1.468885 6.756823 0.850207 3.283942 0.926004 3.098032  0.721147 3.034705  0.892437 1.911858  0.891635 1.500160 2.252078 1.043810  0.614231 0.909770  0.679947 2.873137 1.315349 1.504954 1.733740 1.152940  0.427480 0.389363  0.571952 4.404643 1.653339  4.682644    1.279465  0.199245 1.051763 1.074838  0.516838 2.289342  0.642637     1.968416       0.770910 4.035201 2.533161    3.180492 3.066369
Mbi1.30Zp0.06T05.0000_iTp0.00_baseFe_linear_FWHM_2.51  5.00 0.06  2.51 0.0  7.964274  4.414980 4.730523  2.274498 1.867279  2.367394 1.618261  0.728600 2.056625  1.343370 1.817206  1.112478 16.535191  3.103244 19.578716  5.350316 3.438910 1.648566 16.277694  6.155593  8.676760    1.176136  8.175799   1.885921  7.671868  1.712694 19.077598  3.713556 22.888443   2.744525 9.501247   1.819483 19.567380 2.993448 8.791564   1.238305 1.705881  0.054165  5.846211  2.761397  0.913182  0.880967  1.078146  0.730139  1.958937  0.843711  1.406954  1.265187 -1.651486 1.004911  0.739418 1.292758   2.043236   2.995528  1.058315 0.902036  2.351174 1.545659 1.438278  0.710077  5.272225 1.140240 -4.546001 0.858621  1.443632  0.764381 -0.742548 0.653317      0.356553        0.715831      0.660207        0.820491      1.087407        0.833385      1.229022        0.722705  5.040340  2.064914 2.645215  1.143548 1.569563  1.315958 3.521662  1.143251 2.356779  0.706884  1.360911    0.750165 1.904251  0.770902  3.775133  1.309458 5.629308   2.128841  0.392625 1.517823  0.473217  1.230295 3.419095   1.102932 2.254530 0.969913 1.287388  0.180305 5.708445  2.237456 4.035398 1.607349 5.743908 1.778049 3.163409 1.536515 6.804027 1.072178 3.308071 0.747326 3.095816  1.044201 3.032065  1.153475 1.908916  0.733022 1.484130 3.770948 1.036556  0.702488 0.903067  0.966072 2.905711 1.022298 1.485564 1.752444 1.155643  0.722164 0.388898  0.316294 4.328376 0.930491  4.606770    0.812181  0.204226 1.514264 1.068268  0.584360 2.289975  0.986144     1.968775       0.384397 4.068410 3.062114    3.190945 3.063941
Mbi1.30Zp0.06T05.5000_iTp0.00_baseFe_linear_FWHM_2.51  5.50 0.06  2.51 0.0  8.339840  5.773505 4.890473  3.058201 1.902168  1.231223 1.672714  1.019088 2.085742  1.545181 1.854396  1.292841 16.992570  5.427572 20.516945  7.442372 3.456932 1.874148 17.009427  5.135825  8.886919    1.915798  8.615046   2.822255  8.009943  2.622162 18.895849  3.636664 22.972069   2.435395 9.543967   1.056920 19.603967 2.863871 8.815107   1.356236 1.728207  0.101248  6.122559  3.135218  0.961492  0.977731  1.141769  0.617064  2.050420  1.172373  1.450752  0.606852 -1.960616 1.522506  0.623686 1.265685   2.387610   2.360716  1.219843 1.459539  2.493554 1.451351 1.488168  0.985286  5.353228 0.826834 -4.799249 1.360068  1.483401  1.262337 -0.893936 0.795341      0.344895        0.663577      0.645418        0.740430      1.068085        0.892840      1.207058        1.000584  5.173039  1.979526 2.690947  0.675692 1.602419  1.017281 3.552991  1.463863 2.389627  1.190696  1.363344    0.640266 1.918950  0.722890  3.917890  2.744394 5.740312   1.576443  0.418998 1.166298  0.499904  0.785987 3.380750   1.357860 2.202618 0.709788 1.311388  0.464087 5.742947  3.166270 4.185715 1.141034 5.911687 1.544454 3.263311 1.139732 6.974660 0.917852 3.412749 0.928323 3.158188  1.424617 3.084399  0.942642 1.943361  1.590328 1.567441 2.097596 1.054002  0.605137 0.915428  0.736729 2.959813 0.925656 1.496382 1.362894 1.178198  0.694356 0.389729  0.522817 4.421679 1.924725  4.716575    2.116888  0.215170 1.011266 1.080815  0.685934 2.234089  0.697361     1.940078       0.582454 4.261336 1.650081    3.272246 3.121294
Mbi1.30Zp0.06T06.0000_iTp0.00_baseFe_linear_FWHM_2.51  6.00 0.06  2.51 0.0  8.688584  5.063890 5.010521  2.750038 1.934375  1.626483 1.720861  1.870709 2.129742  1.882424 1.879718  1.339307 17.340006  6.329534 21.471223  7.587038 3.472026 1.254160 17.762341  7.359986  9.042726    2.476417  9.119269   2.076665  8.387476  2.658076 18.896718  4.487702 23.184323   4.372156 9.615715   1.495236 19.758147 3.190787 8.875593   0.902874 1.753689  0.099449  6.329165  3.565127  0.999161  1.291811  1.186171  0.714181  2.119527  1.183665  1.486038  0.975887 -2.192139 1.752096  0.534339 1.116959   2.620004   3.058827  1.331621 1.026035  2.595798 1.254042 1.527168  1.323348  5.450691 1.265736 -5.039566 2.495086  1.516824  0.793642 -1.030886 1.535221      0.337827        0.999699      0.635483        0.952953      1.053815        1.021356      1.190379        1.261794  5.293491  2.942052 2.728400  0.789825 1.630368  1.073330 3.585172  1.745589 2.419128  0.814140  1.366515    1.145145 1.931300  1.320347  4.009713  2.234873 5.827761   3.957509  0.441899 1.536968  0.519423  1.385075 3.344163   1.401063 2.163021 0.946365 1.327609  0.393995 5.786124  2.799041 4.322343 0.947070 6.060143 1.945557 3.344975 0.818937 7.128246 0.558625 3.490638 0.592053 3.206351  1.268004 3.123825  1.323559 1.971842  0.976686 1.630770 3.733121 1.066546  0.805307 0.924368  0.821154 3.019487 1.525954 1.508151 1.467910 1.196946  1.185046 0.394283  0.719054 4.484350 1.938559  4.796677    1.840189  0.223522 1.351291 1.090364  0.584810 2.194724  1.198964     1.916767       0.543179 4.374887 2.401493    3.333399 3.165088
Mbi1.30Zp0.06T06.5000_iTp0.00_baseFe_linear_FWHM_2.51  6.50 0.06  2.51 0.0  8.925486  4.365864 5.073579  2.731963 1.957533  1.504076 1.751242  1.065529 2.180857  1.430038 1.900833  0.985502 17.585675  5.040876 22.210116  9.388306 3.481220 1.501950 18.417704  4.147853  9.129479    1.870688  9.574522   3.233111  8.737795  2.522044 18.884934  2.582332 23.295275   3.495156 9.659541   1.454896 19.842106 2.669897 8.912449   0.823825 1.773303  0.064401  6.460363  2.858182  1.023017  0.978552  1.215490  0.740170  2.163031  1.158516  1.510188  0.994798 -2.345995 1.659312  0.467830 0.886827   2.744358   2.543337  1.390419 1.262293  2.649484 1.944201 1.559878  1.353019  5.521561 1.651938 -5.233239 1.054662  1.541292  1.206811 -1.142926 0.832683      0.334000        0.969644      0.628639        0.983436      1.042318        0.918703      1.176224        0.946546  5.399302  1.945908 2.746476  0.506810 1.648138  0.720494 3.608016  1.419446 2.436324  0.717673  1.367512    0.828148 1.936669  0.589570  4.077615  2.739917 5.884707   3.006835  0.457149 1.318816  0.529283  1.201844 3.304254   1.098249 2.125274 1.029494 1.337354  0.623227 5.808517  2.647981 4.437566 1.667475 6.182790 1.885774 3.409867 2.061009 7.255407 1.213218 3.547639 1.040473 3.236798  1.052592 3.147460  1.313084 1.990716  1.106593 1.657639 3.713562 1.070691  0.771235 0.928922  0.840288 3.071571 1.010865 1.508841 2.195809 1.209358  1.244531 0.396018  0.553844 4.487919 2.656774  4.807517    2.184915  0.237120 1.524586 1.092970  1.103819 2.157459  0.682386     1.895078       0.577106 4.474828 3.492053    3.375537 3.192129
Mbi1.30Zp0.06T07.0000_iTp0.00_baseFe_linear_FWHM_2.51  7.00 0.06  2.51 0.0  9.173688  8.075850 5.129791  4.980229 1.983977  1.162730 1.782191  1.645025 2.236086  2.065164 1.920130  1.532639 17.825623  5.054876 23.016961  7.798294 3.498218 2.412638 19.095490  6.866259  9.197285    3.893117 10.067798   4.027940  9.112340  2.948704 18.931404  4.970912 23.450568   3.982777 9.710407   1.111864 19.960119 4.235398 8.963665   1.597855 1.796565  0.098456  6.595484  4.011086  1.047126  1.685650  1.244305  0.626815  2.209196  1.231090  1.536192  0.959287 -2.506837 1.902845  0.397095 1.357599   2.942439   2.026358  1.488354 2.011397  2.746346 2.047904 1.591910  1.450594  5.596200 2.136188 -5.442572 2.178657  1.566141  0.647759 -1.259697 1.076749      0.330756        1.142712      0.622133        1.335411      1.030744        1.546499      1.161969        1.512215  5.516414  2.371185 2.769356  0.514057 1.672742  1.106039 3.635274  1.824189 2.456713  1.144402  1.372656    0.775117 1.952378  1.500221  4.125471  2.528140 5.968826   3.719967  0.480134 1.922064  0.544957  1.732686 3.260864   2.409937 2.083394 2.054927 1.347811  0.640798 5.849585  2.608808 4.556269 1.051446 6.309216 1.698228 3.471813 1.159254 7.388572 0.775673 3.604917 1.432979 3.270671  1.073271 3.178113  0.578956 2.016120  1.301924 1.672078 4.594954 1.076100  0.653269 0.937789  1.002682 3.129128 1.362595 1.527984 1.637622 1.221757  1.046704 0.399959  0.705426 4.540264 2.005474  4.863693    2.310776  0.246355 1.070814 1.098235  0.891444 2.118702  1.447915     1.873178       1.203067 4.601707 5.915141    3.420098 3.224392
Mbi1.30Zp0.06T07.5000_iTp0.00_baseFe_linear_FWHM_2.51  7.50 0.06  2.51 0.0  9.455679  6.825262 5.215649  3.116385 2.017241  2.230095 1.818813  1.152579 2.283812  2.598003 1.937358  1.966439 18.137457  9.337831 23.963986 11.811839 3.521391 2.651442 19.871539  4.455157  9.324800    2.262084 10.590080   4.968655  9.505829  3.024485 18.943369  6.212145 23.637391   3.372994 9.783372   1.435463 20.125892 2.988687 9.034053   1.113768 1.821102  0.172761  6.737658  5.141751  1.067281  1.633022  1.276398  1.080443  2.263850  1.993798  1.561597  1.407560 -2.686835 2.767286  0.323918 2.101132   3.134441   4.672679  1.585107 2.124951  2.838449 3.269962 1.620132  0.976332  5.675902 1.727109 -5.650930 2.803786  1.595060  0.882135 -1.377811 1.961291      0.328309        0.940309      0.616369        0.923913      1.019741        0.987568      1.148438        1.322571  5.629585  2.755931 2.792701  0.996067 1.697878  1.626774 3.659490  2.247788 2.474383  0.991670  1.375463    1.241173 1.964343  1.166936  4.210230  3.345652 6.052217   1.931000  0.499171 1.177847  0.560560  0.939755 3.225627   1.647909 2.043883 1.472039 1.359180  0.663119 5.869410  2.948524 4.673428 1.871700 6.431782 1.721841 3.530730 1.335803 7.503960 1.112385 3.664944 1.569688 3.303052  1.467770 3.205762  1.859148 2.039626  2.033680 1.701563 6.182487 1.083437  1.058081 0.944656  1.188486 3.180559 1.561450 1.539546 1.363005 1.231052  1.180766 0.402751  0.766324 4.571087 2.452321  4.901797    2.508885  0.256855 3.191891 1.101240  0.651510 2.085211  1.038703     1.857101       0.786191 4.675734 3.805426    3.464919 3.254407
Mbi1.30Zp0.06T08.0000_iTp0.00_baseFe_linear_FWHM_2.51  8.00 0.06  2.51 0.0  9.658038  9.904169 5.283278  4.268953 2.045515  2.511714 1.853237  0.962277 2.335434  2.654061 1.958402  3.207858 18.369436  9.510495 24.565327  8.489474 3.543126 2.425522 20.465030  6.370315  9.411447    3.641402 11.033588   3.095770  9.870942  2.703212 19.089964  3.978402 23.812679   5.642545 9.826323   1.806302 20.227092 4.109943 9.085730   1.220675 1.843787  0.114846  6.873322  4.702257  1.093070  1.056144  1.305432  0.934476  2.306893  1.026465  1.588176  1.874540 -2.836343 2.028533  0.252941 0.876383   3.294582   2.754724  1.661398 1.698450  2.912673 1.419994 1.657512  1.922704  5.743233 2.383078 -5.844715 3.085450  1.618740  0.759458 -1.492214 1.541934      0.320604        0.950590      0.605772        1.001104      1.004812        1.052498      1.131367        1.038604  5.727357  3.043358 2.814908  1.156478 1.713763  1.657713 3.682265  1.420461 2.496059  1.270286  1.382734    1.095326 1.981859  1.148989  4.162389  2.988006 6.108809   1.848350  0.519527 1.560692  0.572868  1.577611 3.182906   1.431043 2.003568 0.852677 1.368957  0.638359 5.908161  3.681017 4.771581 1.647148 6.537162 2.623481 3.596313 2.765926 7.626609 1.303542 3.721964 1.765181 3.331976  1.866179 3.231310  2.062890 2.063391  1.152928 1.707947 5.442973 1.086633  1.321210 0.953603  1.280418 3.235971 1.519314 1.563924 1.996388 1.242741  0.965941 0.406708  0.770691 4.613003 2.053332  4.943992    2.310325  0.263993 1.179347 1.105847  1.200203 2.048758  1.485511     1.836328       1.273107 4.816958 2.523949    3.506649 3.281643
Mbi1.30Zp0.06T08.5000_iTp0.00_baseFe_linear_FWHM_2.51  8.50 0.06  2.51 0.0  9.874689  5.777005 5.350502  3.384094 2.071128  5.368618 1.887682  1.841365 2.389977  1.733745 1.984376  1.474888 18.646244  6.204301 25.148240  8.627238 3.560849 2.408077 21.010949  6.987736  9.491201    3.994804 11.442540   4.445807 10.201546  2.336858 19.179944  5.096980 23.950436   4.654129 9.859328   2.608681 20.298741 4.076413 9.120684   0.932715 1.865924  0.064903  7.021657  4.025148  1.121608  1.309329  1.338252  1.585474  2.352808  1.648396  1.616628  1.910754 -2.999790 3.109327  0.177347 2.236814   3.467095   4.390209  1.743029 2.218266  2.992687 2.865354 1.698452  1.285209  5.802790 2.383272 -6.037603 2.152748  1.640979  1.677868 -1.608280 1.603149      0.315850        0.836625      0.597660        0.984109      0.991506        1.093923      1.115432        1.062225  5.825335  3.761280 2.836400  1.307044 1.732314  1.144799 3.708698  2.393045 2.517075  1.101952  1.390039    0.780549 1.996636  1.097610  4.174464  3.522589 6.170718   2.677323  0.536563 2.853701  0.582762  2.477631 3.137891   1.263836 1.962016 0.872903 1.379425  0.619246 5.945978  5.578711 4.868946 2.178277 6.639717 3.471940 3.653455 2.050032 7.739894 1.223803 3.773995 1.768543 3.362695  1.015270 3.255395  1.109410 2.085433  1.740818 1.727235 4.313800 1.092113  1.199990 0.960672  1.628651 3.286567 1.536960 1.575641 1.458037 1.255689  1.043280 0.410906  0.788830 4.643039 2.366926  4.973491    1.984004  0.272081 2.150382 1.110726  0.982124 2.013912  1.120589     1.814945       0.951688 4.891882 4.108621    3.546464 3.309045
Mbi1.30Zp0.06T09.0000_iTp0.00_baseFe_linear_FWHM_2.51  9.00 0.06  2.51 0.0 10.059247 13.845323 5.405883  3.005080 2.092456  2.818142 1.912139  2.014821 2.427052  1.994610 2.005031  0.883260 18.901281  4.369800 25.744120 10.225771 3.573845 1.620517 21.487585 14.730247  9.563774    4.582902 11.759635   5.562478 10.436799  5.026026 19.140900  9.259184 24.036491   6.062849 9.892525   1.724517 20.369161 8.419035 9.150293   2.122562 1.882809  0.111576  7.135342  5.872620  1.142932  2.005221  1.364114  1.341891  2.390717  1.648451  1.635639  1.226873 -3.134768 3.398651  0.124507 1.698815   3.612988   4.438594  1.816881 1.662711  3.063574 2.199440 1.726874  2.351722  5.837556 2.901091 -6.169780 3.542512  1.657452  1.337790 -1.684662 2.052332      0.314512        1.111797      0.594304        1.287047      0.984996        1.352436      1.107151        1.308597  5.900965  4.116936 2.852880  0.686972 1.751122  2.044647 3.728996  2.675049 2.529557  1.426429  1.391211    0.991853 2.001159  1.309781  4.220437  4.735149 6.214110   3.812973  0.554493 2.183904  0.595893  1.771257 3.106897   2.311936 1.930822 1.251790 1.387538  0.665992 5.959311  2.812948 4.955591 1.611986 6.726333 1.142260 3.700014 1.360887 7.833327 1.264931 3.819525 1.809607 3.382957  1.103811 3.275706  2.031468 2.100481  1.842317 1.741348 6.960845 1.095245  1.618364 0.964808  1.196103 3.332894 1.692048 1.587916 2.866922 1.266750  1.192841 0.412894  0.477520 4.670763 2.020162  5.014812    1.761475  0.284869 2.902333 1.114580  1.308964 1.994490  1.718178     1.801568       1.077847 4.995908 3.603382    3.578629 3.329331
Mbi1.30Zp0.06T09.5000_iTp0.00_baseFe_linear_FWHM_2.51  9.50 0.06  2.51 0.0 10.236202 26.294621 5.478725  3.482854 2.113106  1.583131 1.939068  1.394260 2.469708  1.936971 2.023031  2.683872 19.138518 11.190589 26.315473 13.019063 3.585300 1.958642 21.953937 10.164714  9.610028    4.376608 12.083377   4.181656 10.682909  3.264621 19.096888  5.620149 24.104999   8.612258 9.903922   1.835778 20.413701 3.574652 9.165158   1.892008 1.899947  0.113675  7.262550  3.935076  1.170606  1.741270  1.393572  1.250517  2.430515  1.313960  1.655833  2.345461 -3.259575 2.588430  0.072960 1.855262   3.811805   5.654473  1.915093 2.725428  3.165919 3.791788 1.757083  1.314577  5.866331 3.330055 -6.298498 3.944581  1.675695  0.938278 -1.763207 2.454649      0.310621        1.340633      0.588190        1.157403      0.975357        1.206185      1.095806        1.040798  5.987198  3.404998 2.873602  0.839546 1.775407  1.831627 3.755326  2.613354 2.547047  1.480122  1.398009    0.893482 2.010700  1.439657  4.258702  3.424624 6.274783   6.758155  0.568286 2.227581  0.606838  2.156515 3.082614   1.825901 1.902260 1.891298 1.398572  0.688339 5.989471  4.288196 5.044763 1.638327 6.816994 1.654663 3.753912 1.678975 7.936686 1.765836 3.867051 1.507287 3.410292  1.265368 3.304735  1.098072 2.122006  2.444033 1.746924 6.894618 1.097207  1.370626 0.970800  1.143761 3.381027 0.829254 1.596895 2.423691 1.277714  1.293159 0.416395  0.721140 4.706826 3.273559  5.059742    2.662019  0.299833 2.542975 1.120294  1.110670 1.979841  1.252526     1.788113       0.664026 5.069007 3.154311    3.615727 3.357514
Mbi1.30Zp0.06T10.0000_iTp0.00_baseFe_linear_FWHM_2.51 10.00 0.06  2.51 0.0 10.435342  5.122301 5.539763  5.110063 2.131190  2.157405 1.963694  1.771782 2.507711  2.625292 2.040524  2.737012 19.348704 11.985975 26.842606  7.099382 3.595321 4.417182 22.318261  8.958353  9.620536    5.857357 12.369493   3.419945 10.887185  4.642706 19.044935  5.168494 24.174641   5.526064 9.907272   1.977188 20.456256 5.931674 9.173978   2.343136 1.915393  0.105542  7.391059  5.446147  1.197443  0.845855  1.422055  1.498723  2.471029  2.249571  1.676835  1.323547 -3.381658 4.266960  0.023209 2.364088   4.041995   7.229122  2.025566 3.368503  3.282255 4.579761 1.785557  1.248605  5.887906 2.402524 -6.410090 3.843434  1.690774  2.063033 -1.827778 2.782303      0.307400        0.934691      0.583100        1.024699      0.967288        1.563998      1.086481        1.604016  6.065954  3.080342 2.901460  1.583162 1.801777  1.630583 3.782347  2.900993 2.565359  0.954251  1.404381    0.870583 2.021888  1.376520  4.329277  3.669675 6.351066   4.713488  0.587714 2.699248  0.624057  2.343719 3.068076   1.385394 1.881936 1.881644 1.409174  0.962818 6.029975  4.597087 5.133734 2.558958 6.908755 3.477100 3.803844 3.106042 8.038382 2.314091 3.911970 3.115360 3.439343  2.356932 3.337650  1.782992 2.143743  2.146169 1.783853 4.461527 1.099978  1.101735 0.976182  1.035131 3.433795 1.476966 1.611815 1.865070 1.287428  1.099749 0.421632  0.877742 4.781322 2.991832  5.138467    3.298896  0.307813 2.097497 1.126471  1.347173 1.958533  1.335844     1.777920       1.298696 5.208986 3.823037    3.652837 3.388497
Mbi1.30Zp0.06T10.5000_iTp0.00_baseFe_linear_FWHM_2.51 10.50 0.06  2.51 0.0 10.650684  8.056020 5.607047  6.406928 2.149206  2.645546 1.988962  1.558329 2.548423  5.100336 2.063608  2.395961 19.583181 10.773407 27.361559 12.302347 3.612161 3.994028 22.693185  5.214101  9.665949    3.266030 12.638250   4.679566 11.085398  7.586213 19.008169  4.521239 24.231102   7.789962 9.921369   2.375069 20.478455 5.328974 9.183860   2.254322 1.930792  0.264250  7.503303  7.820444  1.216829  2.918238  1.448513  2.166220  2.506922  1.791086  1.698320  2.576419 -3.510139 1.676334 -0.030317 1.245222   4.220905   5.020560  2.108623 2.575193  3.364293 2.936445 1.811921  1.466951  5.912467 1.875051 -6.509370 2.580757  1.704445  1.165402 -1.888345 2.569738      0.307935        2.346280      0.581363        2.499278      0.961865        2.534941      1.079338        2.532889  6.126232  2.877202 2.922812  1.358136 1.820593  1.430959 3.806474  1.639873 2.581661  1.098398  1.408747    0.887739 2.031874  1.520964  4.391968  3.739685 6.402302   3.895465  0.601330 1.876747  0.634387  1.740092 3.042832   2.656460 1.854419 0.854012 1.417329  0.942448 6.058869  4.400944 5.207699 2.439717 6.980886 1.862512 3.829694 2.341606 8.105153 1.584219 3.939982 1.406775 3.458607  1.416713 3.358295  2.211525 2.157144  1.492064 1.796953 6.686551 1.106588  0.838072 0.979634  1.290322 3.466728 1.917032 1.616218 1.802018 1.297087  1.617458 0.424196  0.627103 4.798103 2.949237  5.157951    2.345708  0.316702 2.045672 1.129522  1.065801 1.940848  1.218814     1.765759       0.964194 5.263603 3.692757    3.676436 3.408451
Mbi1.30Zp0.06T11.0000_iTp0.00_baseFe_linear_FWHM_2.51 11.00 0.06  2.51 0.0 10.728743 12.447289 5.634572  5.808995 2.157848  3.202033 2.001761  2.362579 2.574702  2.962858 2.079504  3.458113 19.740660 16.080193 27.429055 18.977394 3.611041 2.694963 22.761021 12.937173  9.710550    8.116418 12.625780   5.420090 11.065856  5.830784 18.865808  8.127520 24.182092   4.735161 9.912282   3.390078 20.444819 7.709752 9.165970   1.785978 1.930434  0.208066  7.564864  4.721538  1.231852  1.771762  1.466010  1.301165  2.521967  1.390054  1.708018  1.862692 -3.552546 3.196874 -0.036856 1.859466   4.189227   4.181982  2.090617 2.910424  3.348031 3.279599 1.836509  1.844766  5.909454 3.791694 -6.526751 4.394059  1.708897  1.668850 -1.900838 2.212670      0.310275        1.734689      0.583539        1.865413      0.963522        1.788799      1.080152        2.149123  6.135475  4.063183 2.933385  1.149456 1.824882  2.315264 3.817192  3.376329 2.588040  1.354658  1.402926    1.979474 2.022697  1.520311  4.453077  5.468546 6.386516   4.061081  0.620931 2.592100  0.652452  2.400033 3.029365   2.124105 1.843105 1.690623 1.420452  0.575210 6.049836  3.803019 5.249631 1.404838 7.012773 2.609857 3.864604 2.373806 8.162710 1.506193 3.978123 1.954898 3.473750  1.494724 3.365415  2.751604 2.159911  2.046880 1.793181 7.693710 1.111127  1.919132 0.976817  1.542842 3.505530 1.411130 1.613446 1.674893 1.310591  1.437292 0.423650  0.679359 4.810313 3.383558  5.174970    2.942642  0.326935 1.924230 1.126681  0.800489 1.926924  1.863736     1.761866       0.631495 5.357339 4.470972    3.701126 3.419582
Mbi1.30Zp0.06T11.5000_iTp0.00_baseFe_linear_FWHM_2.51 11.50 0.06  2.51 0.0 10.887268  8.210822 5.681465  8.697898 2.173582  3.841323 2.021931  1.986562 2.607595  2.812767 2.098487  3.272766 19.950186 11.599597 27.762182  9.088098 3.620939 2.017015 23.004115 13.250342  9.753474    9.590528 12.781377   5.234608 11.175308  5.329830 18.805184  7.030847 24.219920   5.545102 9.914415   2.665970 20.465030 6.683542 9.168016   1.887657 1.940458  0.207143  7.666165  3.632526  1.253844  1.185327  1.490787  1.122109  2.551332  2.011859  1.725035  1.839593 -3.653264 3.053246 -0.073048 2.879822   4.327076   7.386277  2.155690 3.826180  3.415298 5.132357 1.862258  1.468212  5.922879 2.383975 -6.605255 4.273371  1.720434  1.340603 -1.949369 3.398669      0.307950        1.228591      0.579863        1.320892      0.957672        1.515056      1.073065        1.641407  6.183196  4.198147 2.952668  2.345424 1.840744  1.734559 3.833998  2.747538 2.600760  1.431480  1.405360    1.382274 2.027445  1.578630  4.494492  2.963551 6.417393   2.173963  0.636898 2.241872  0.665149  1.655251 3.010743   1.777760 1.821893 1.287756 1.427318  0.958367 6.069125  6.688963 5.311587 1.782476 7.072766 2.697598 3.901548 2.808364 8.233721 2.182070 4.014192 1.905227 3.495974  1.894848 3.383999  1.802427 2.173533  1.770935 1.796592 2.731141 1.115078  1.447560 0.980581  1.171520 3.540947 3.277968 1.616618 2.905060 1.321214  2.125610 0.425333  0.893107 4.837723 2.882781  5.207171    3.600241  0.335338 2.218441 1.130075  1.306553 1.908746  1.865638     1.750777       1.402734 5.462069 7.217988    3.729297 3.439986
Mbi1.30Zp0.06T12.0000_iTp0.00_baseFe_linear_FWHM_2.51 12.00 0.06  2.51 0.0 11.020008 10.641282 5.701530  4.145760 2.184578  7.053983 2.032364  2.747595 2.630847  2.820230 2.117006  4.064369 20.136178 12.859566 27.966259 11.110765 3.630677 4.242415 23.099392 11.524357  9.777680    5.693642 12.843433   6.387785 11.205651  5.427317 18.752120  7.908982 24.266160  12.717326 9.913817   5.210039 20.497093 9.903944 9.169527   3.324982 1.946574  0.192260  7.751600  7.206745  1.274444  1.941087  1.510121  1.375696  2.574241  3.112412  1.740282  1.570752 -3.736214 3.788028 -0.102360 2.637960   4.437389   3.687305  2.208946 1.633569  3.471973 1.794409 1.885163  2.313838  5.927613 3.578991 -6.671778 3.192011  1.726780  1.538414 -1.984754 2.265586      0.306751        2.193718      0.577711        2.327596      0.954010        2.576804      1.068375        2.625810  6.226354  3.881343 2.972498  1.637094 1.854321  1.854247 3.847820  2.284559 2.611329  1.224910  1.406766    1.175533 2.028936  1.414893  4.532135  4.485594 6.442035   3.037123  0.656285 1.843012  0.680093  1.900666 2.997921   2.261452 1.805253 1.438529 1.434035  0.790302 6.083748  4.253749 5.374975 3.310466 7.139086 2.887549 3.926807 1.835787 8.293464 1.419707 4.040119 1.494470 3.518975  2.191689 3.400535  2.515097 2.187529  1.623882 1.817714 5.875102 1.118341  0.699127 0.984256  1.893070 3.573078 3.045600 1.618709 2.571922 1.332142  2.134937 0.426154  0.933750 4.859759 2.888998  5.236170    3.123559  0.342811 3.284983 1.134856  1.141945 1.891467  1.576779     1.740766       1.051326 5.563185 4.374635    3.752745 3.459755
Mbi1.30Zp0.06T12.5000_iTp0.00_baseFe_linear_FWHM_2.51 12.50 0.06  2.51 0.0 11.157855 18.434642 5.727933  6.346353 2.200137  9.094075 2.046992  4.929812 2.657171  4.052203 2.137581  3.231579 20.379226  9.601821 28.187569 17.749474 3.657180 2.412863 23.236677 13.390486  9.829151    4.762374 12.961215   9.250444 11.301728  6.538834 18.833527  9.575750 24.367219  10.330496 9.922973   2.812192 20.556590 7.679292 9.192166   3.266967 1.958443  0.251147  7.864127  8.594546  1.296833  1.713799  1.533875  2.071416  2.609437  3.206541  1.760760  2.416513 -3.850408 5.220992 -0.147253 3.129348   4.597908   5.712016  2.288617 3.290097  3.554914 4.340392 1.913015  3.333025  5.936739 2.571412 -6.762278 4.547269  1.736952  2.046830 -2.037537 3.220788      0.303996        1.877523      0.573570        2.033050      0.947824        2.152090      1.060839        2.046671  6.286832  5.152013 2.993221  2.066600 1.869654  1.782842 3.862317  3.449209 2.623581  1.578747  1.412447    2.065263 2.037140  1.317071  4.554190  3.983630 6.494947   3.550551  0.669695 3.362710  0.690032  2.548878 2.980421   2.693569 1.783859 2.051828 1.442624  0.912363 6.101277  6.971665 5.465029 2.247548 7.234499 2.849291 3.966692 1.348696 8.373095 2.101169 4.073418 1.451399 3.545908  2.560079 3.418756  3.032330 2.206203  2.717726 1.864425 7.024085 1.122193  1.678317 0.990354  1.301017 3.612911 2.584820 1.626807 2.412406 1.339804  2.005324 0.427514  1.283388 4.881801 3.096390  5.265327    4.264474  0.348375 2.524464 1.140488  1.825617 1.870479  1.972383     1.724750       1.157982 5.562983 5.217322    3.781394 3.482332
Mbi1.30Zp0.06T13.0000_iTp0.00_baseFe_linear_FWHM_2.51 13.00 0.06  2.51 0.0 11.363444  8.899986 5.775356  4.183577 2.217059  1.653144 2.069941  1.698170 2.692975  3.893450 2.159646  4.416739 20.592763  8.441164 28.667033 11.856738 3.681650 3.060749 23.538434 14.067862  9.868690    6.384494 13.210749   7.744116 11.486308  5.953787 18.874215  9.850361 24.486659   7.796379 9.954522   3.120953 20.618518 6.375847 9.220727   1.806339 1.974601  0.236162  7.967953  6.326755  1.316580  2.897200  1.556722  1.669526  2.641168  1.563472  1.782170  2.618786 -3.977612 2.837981 -0.203695 3.042974   4.870297   5.741798  2.419102 3.308902  3.685625 3.958258 1.937613  2.251722  5.964437 2.942362 -6.870065 3.724038  1.750121  1.642761 -2.098194 2.619644      0.302981        2.056106      0.570334        2.065517      0.941086        2.358807      1.052862        2.946077  6.346467  4.589119 3.019601  0.916464 1.893603  2.620000 3.885840  3.442040 2.643131  1.804701  1.420241    1.581997 2.061534  1.675115  4.582755  4.143780 6.565501   5.468284  0.692059 3.017312  0.708490  2.232906 2.962721   2.615753 1.758102 1.944286 1.448398  0.873952 6.155490  2.096910 5.540431 2.582688 7.312548 2.083995 3.981075 2.477574 8.439461 1.583510 4.093190 1.732294 3.570194  1.989929 3.447930  2.307754 2.227862  2.634576 1.888139 9.845392 1.135174  1.920417 1.001556  1.620726 3.649689 2.001671 1.663317 2.611603 1.347826  2.178517 0.432287  1.657159 4.999508 2.558509  5.382685    2.903883  0.350285 5.128971 1.148670  1.282907 1.838963  1.509626     1.710179       1.053893 5.693373 5.689033    3.804387 3.509062
Mbi1.30Zp0.06T13.5000_iTp0.00_baseFe_linear_FWHM_2.51 13.50 0.06  2.51 0.0 11.518452 15.765677 5.805468  9.616617 2.228949  4.241644 2.085283  1.768536 2.714713  2.438075 2.178027  3.212282 20.766689 22.447731 28.986484 12.151755 3.698051 5.976519 23.754520  9.745469  9.898565    4.968602 13.374834   4.010502 11.616406  8.157742 18.958169  8.989958 24.588862   7.585919 9.971045   1.966635 20.675766 6.629850 9.244421   3.150025 1.988253  0.227294  8.051917  7.169259  1.333431  3.212109  1.572145  0.977037  2.665922  2.070233  1.801323  1.724710 -4.078872 4.159490 -0.251565 3.508782   5.013910   7.261151  2.486930 3.085560  3.753046 2.887095 1.956826  2.712128  5.986376 3.451861 -6.955832 2.754076  1.759170  1.017022 -2.148822 2.914513      0.298964        2.291026      0.564653        2.414868      0.932943        2.559962      1.043480        2.947302  6.396151  5.193924 3.036647  1.529905 1.908227  2.199650 3.899773  4.363501 2.655387  1.643226  1.423479    2.037416 2.068746  1.969298  4.574921  7.077756 6.597846   3.076589  0.707739 2.865554  0.720859  1.577600 2.939217   2.320936 1.732403 2.955272 1.455383  1.292133 6.178799  7.412747 5.617535 2.173667 7.386995 1.797374 4.005014 2.016905 8.502295 2.006541 4.115248 2.106130 3.585266  1.595705 3.464425  2.348676 2.244760  1.169457 1.905867 6.588846 1.139574  1.853648 1.007109  2.139868 3.682534 2.080622 1.670466 3.456853 1.355031  2.549173 0.434195  1.459280 5.037833 2.988585  5.421180    4.150584  0.358174 3.428482 1.155152  1.501025 1.816566  1.993739     1.697356       1.081088 5.805492 5.949439    3.822959 3.524845
Mbi1.30Zp0.06T14.0000_iTp0.00_baseFe_linear_FWHM_2.51 14.00 0.06  2.51 0.0 11.670847 33.133107 5.847505  4.474819 2.242730 15.149543 2.100280  5.398946 2.734195  3.136190 2.193458  2.712911 20.907271  8.906630 29.252418 20.585447 3.709397 3.300272 23.961968 29.252586  9.925115    8.932448 13.532801   8.177469 11.742039 12.578129 19.010057 10.955479 24.660900  14.183447 9.971190   3.054396 20.700812 8.695118 9.254392   3.792192 1.998686  0.286434  8.123381  7.246518  1.346158  3.039640  1.586534  1.124145  2.686538  2.292720  1.818074  2.315685 -4.162704 4.989555 -0.290299 2.860444   5.116442   4.864416  2.527508 2.276538  3.791088 3.142780 1.974839  1.679893  5.992085 3.095051 -7.013823 4.667107  1.764764  2.660866 -2.180339 2.642513      0.297422        3.040892      0.562248        2.626931      0.929262        2.447266      1.039105        2.563226  6.436850  5.710833 3.052222  1.735138 1.918159  2.317106 3.917376  2.069852 2.666888  1.796856  1.429169    1.653691 2.071970  2.285490  4.540681  6.076456 6.607227   4.439566  0.713798 3.946808  0.724190  3.413733 2.924542   2.550493 1.713893 2.080241 1.462000  0.970848 6.195453  5.798394 5.662154 3.903340 7.433640 3.154896 4.029800 1.940257 8.552548 1.483254 4.134988 3.254535 3.594011  2.267532 3.475869  1.958049 2.257033  2.312385 1.919152 7.001029 1.136055  1.530369 1.011102  1.891252 3.703346 1.491760 1.684963 3.032288 1.364741  1.635913 0.436112  1.133246 5.061037 3.340711  5.453827    4.086257  0.367800 4.587395 1.161739  1.772868 1.811651  2.031627     1.688568       1.060606 5.892113 6.254217    3.837240 3.534940
