   1160.00000000   2.2854294972327777E-08   1.5
   1160.90000000   1.6508902810322600E-08   1e-4
   1161.80000000   1.1959434337544288E-08   2e-3
   1162.70000000   6.8967372720903143E-09   2.0
   1163.60000000   2.8487516044823443E-09   3.0
   1164.50000000   1.7711820546595418E-09   3.0
   1165.40000000   1.5037577659642945E-09   10.0
   1166.30000000   1.3952606645810487E-09   2.0
   1167.20000000   4.7932076778612640E-09   5.5
   1168.10000000   8.6834415281846284E-09   8.0
   1169.00000000   9.8965434131513273E-09   4.2
   1169.90000000   2.0019355219321046E-09   0.06
   1170.80000000   1.5288119977562813E-09   0.6